[
  [[0.0,0.0], [100.0,0.0], [200.0,0.0], [300.0,0.0], [240.0,120.0], [300.0,100.0], [300.0,200.0], [214.2857,171.42857], [180.0,240.0], [200.0,300.0], [150.0,300.0], [100.0,300.0], [120.0,240.0], [85.71429,171.42857], [0.0,0.0]
  ],[[0.0,0.0], [60.0,120.0], [0.0,0.0]
  ],[[60.0,60.0], [96.0,132.0], [150.0,150.0], [120.0,60.0], [60.0,60.0]
  ],[[111.42857,162.85715], [132.0,204.0], [150.0,150.0], [111.42857,162.85715]
  ],[[150.0,150.0], [204.0,132.0], [240.0,60.0], [180.0,60.0], [150.0,150.0]
  ],[[150.0,150.0], [168.0,204.0], [188.57143,162.85715], [150.0,150.0]],
  [[0.0,0.0], [0.0,100.0], [0.0,0.0]],
  [[0.0,200.0], [0.0,300.0], [0.0,200.0]]
]
