[
  [
    [
      300,
      0
    ],
    [
      0,
      0
    ],
    [
      0,
      300
    ],
    [
      300,
      300
    ],
    [
      300,
      212.5
    ],
    [
      325,
      212.5
    ],
    [
      325,
      25
    ],
    [
      300,
      25
    ],
    [
      300,
      0
    ]
  ],
  [
    [
      300,
      25
    ],
    [
      162.5,
      25
    ],
    [
      162.5,
      212.5
    ],
    [
      300,
      212.5
    ],
    [
      300,
      25
    ]
  ],
  [
    [
      137.5,
      137.5
    ],
    [
      137.5,
      25
    ],
    [
      25,
      25
    ],
    [
      137.5,
      137.5
    ]
  ]
]
