[
  [
    [
      287.5,
      25
    ],
    [
      300,
      0
    ],
    [
      0,
      0
    ],
    [
      150,
      300
    ],
    [
      193.75,
      212.5
    ],
    [
      325,
      212.5
    ],
    [
      325,
      25
    ],
    [
      287.5,
      25
    ]
  ],
  [
    [
      162.5,
      50
    ],
    [
      137.5,
      50
    ],
    [
      137.5,
      100
    ],
    [
      162.5,
      100
    ],
    [
      162.5,
      50
    ]
  ],
  [
    [
      162.5,
      175
    ],
    [
      150,
      200
    ],
    [
      100,
      100
    ],
    [
      50,
      50
    ],
    [
      150,
      250
    ],
    [
      168.75,
      212.5
    ],
    [
      162.5,
      212.5
    ],
    [
      162.5,
      175
    ]
  ]
]
