[
  [
    [
      193.75,
      212.5
    ],
    [
      325,
      212.5
    ],
    [
      325,
      25
    ],
    [
      287.5,
      25
    ],
    [
      193.75,
      212.5
    ]
  ],
  [
    [
      168.75,
      212.5
    ],
    [
      250,
      50
    ],
    [
      162.5,
      50
    ],
    [
      162.5,
      100
    ],
    [
      200,
      100
    ],
    [
      162.5,
      175
    ],
    [
      162.5,
      212.5
    ],
    [
      168.75,
      212.5
    ]
  ],
  [
    [
      100,
      100
    ],
    [
      50,
      50
    ],
    [
      137.5,
      50
    ],
    [
      137.5,
      100
    ],
    [
      100,
      100
    ]
  ]
]
