[
  [
    [
      137.5,
      121.875
    ],
    [
      137.5,
      25
    ],
    [
      25,
      25
    ],
    [
      75,
      75
    ],
    [
      75,
      375
    ],
    [
      225,
      262.5
    ],
    [
      375,
      375
    ],
    [
      375,
      75
    ],
    [
      325,
      112.5
    ],
    [
      325,
      25
    ],
    [
      162.5,
      25
    ],
    [
      162.5,
      140.625
    ],
    [
      137.5,
      121.875
    ]
  ],
  [
    [
      191.6666717529297,
      212.5
    ],
    [
      175,
      225
    ],
    [
      225,
      262.5
    ],
    [
      275,
      225
    ],
    [
      258.3333435058594,
      212.5
    ],
    [
      191.6666717529297,
      212.5
    ]
  ]
]
