[
  [
    [
      300,
      0
    ],
    [
      0,
      0
    ],
    [
      0,
      300
    ],
    [
      300,
      300
    ],
    [
      282.5,
      212.5
    ],
    [
      325,
      212.5
    ],
    [
      325,
      25
    ],
    [
      295,
      25
    ],
    [
      300,
      0
    ]
  ],
  [
    [
      162.5,
      123.125
    ],
    [
      150,
      120
    ],
    [
      150,
      180
    ],
    [
      162.5,
      176.875
    ],
    [
      162.5,
      123.125
    ]
  ]
]
