[
  [
    [
      60.357139587402344,
      25
    ],
    [
      72.85713958740234,
      0
    ],
    [
      30,
      0
    ],
    [
      42.5,
      25
    ],
    [
      25,
      25
    ],
    [
      115.71428680419922,
      115.71428680419922
    ],
    [
      115.71428680419922,
      214.2857208251953
    ],
    [
      330,
      214.2857208251953
    ],
    [
      330,
      0
    ],
    [
      115.71428680419922,
      0
    ],
    [
      115.71428680419922,
      25
    ],
    [
      60.357139587402344,
      25
    ]
  ],
  [
    [
      115.71428680419922,
      25
    ],
    [
      115.71428680419922,
      115.71428680419922
    ],
    [
      137.5,
      137.5
    ],
    [
      137.5,
      25
    ],
    [
      115.71428680419922,
      25
    ]
  ],
  [
    [
      60.357139587402344,
      25
    ],
    [
      51.42856979370117,
      42.85714340209961
    ],
    [
      42.5,
      25
    ],
    [
      60.357139587402344,
      25
    ]
  ],
  [
    [
      162.5,
      58.571434020996094
    ],
    [
      162.5,
      212.5
    ],
    [
      325,
      212.5
    ],
    [
      325,
      25
    ],
    [
      162.5,
      25
    ],
    [
      162.5,
      42.85714340209961
    ],
    [
      158.57142639160156,
      42.85714340209961
    ],
    [
      162.5,
      58.571434020996094
    ]
  ],
  [
    [
      162.5,
      58.571434020996094
    ],
    [
      180,
      128.57142639160156
    ],
    [
      201.42857360839844,
      42.85714340209961
    ],
    [
      162.5,
      42.85714340209961
    ],
    [
      162.5,
      58.571434020996094
    ]
  ],
  [
    [
      287.1428527832031,
      42.85714340209961
    ],
    [
      244.2857208251953,
      85.71428680419922
    ],
    [
      265.71429443359375,
      42.85714340209961
    ],
    [
      287.1428527832031,
      42.85714340209961
    ]
  ],
  [
    [
      64.28571319580078,
      85.71428680419922
    ],
    [
      34.28571319580078,
      85.71428680419922
    ],
    [
      42.85714340209961,
      107.14286041259766
    ],
    [
      64.28571319580078,
      85.71428680419922
    ]
  ],
  [
    [
      244.2857208251953,
      128.57142639160156
    ],
    [
      287.1428527832031,
      171.42857360839844
    ],
    [
      244.2857208251953,
      171.42857360839844
    ],
    [
      244.2857208251953,
      128.57142639160156
    ]
  ]
]
