[
  [
    [
      108.33333587646484,
      25
    ],
    [
      25,
      25
    ],
    [
      137.5,
      137.5
    ],
    [
      137.5,
      112.5
    ],
    [
      108.33333587646484,
      25
    ]
  ],
  [
    [
      162.5,
      112.5
    ],
    [
      162.5,
      145.8333282470703
    ],
    [
      300,
      100
    ],
    [
      300,
      200
    ],
    [
      162.5,
      154.1666717529297
    ],
    [
      162.5,
      187.5
    ],
    [
      170.8333282470703,
      212.5
    ],
    [
      325,
      212.5
    ],
    [
      325,
      25
    ],
    [
      191.6666717529297,
      25
    ],
    [
      162.5,
      112.5
    ]
  ]
]
