[
  [
    [
      193.75,
      212.5
    ],
    [
      325,
      212.5
    ],
    [
      325,
      25
    ],
    [
      287.5,
      25
    ],
    [
      193.75,
      212.5
    ]
  ],
  [
    [
      60,
      60
    ],
    [
      137.5,
      137.5
    ],
    [
      137.5,
      60
    ],
    [
      60,
      60
    ]
  ],
  [
    [
      163.75,
      212.5
    ],
    [
      162.5,
      212.5
    ],
    [
      162.5,
      60
    ],
    [
      240,
      60
    ],
    [
      163.75,
      212.5
    ]
  ]
]
