[
  [
    [
      287.5,
      25
    ],
    [
      300,
      0
    ],
    [
      0,
      0
    ],
    [
      150,
      300
    ],
    [
      193.75,
      212.5
    ],
    [
      325,
      212.5
    ],
    [
      325,
      25
    ],
    [
      287.5,
      25
    ]
  ],
  [
    [
      162.5,
      60
    ],
    [
      162.5,
      25
    ],
    [
      287.5,
      25
    ],
    [
      193.75,
      212.5
    ],
    [
      163.75,
      212.5
    ],
    [
      240,
      60
    ],
    [
      162.5,
      60
    ]
  ],
  [
    [
      137.5,
      60
    ],
    [
      162.5,
      60
    ],
    [
      162.5,
      212.5
    ],
    [
      163.75,
      212.5
    ],
    [
      150,
      240
    ],
    [
      60,
      60
    ],
    [
      137.5,
      137.5
    ],
    [
      137.5,
      60
    ]
  ],
  [
    [
      137.5,
      60
    ],
    [
      60,
      60
    ],
    [
      25,
      25
    ],
    [
      137.5,
      25
    ],
    [
      137.5,
      60
    ]
  ]
]
