[
  [
    [
      137.5,
      137.5
    ],
    [
      137.5,
      25
    ],
    [
      25,
      25
    ],
    [
      42.85714340209961,
      42.85714340209961
    ],
    [
      128.57142639160156,
      42.85714340209961
    ],
    [
      100,
      100
    ],
    [
      137.5,
      137.5
    ]
  ],
  [
    [
      162.5,
      25
    ],
    [
      162.5,
      212.5
    ],
    [
      325,
      212.5
    ],
    [
      325,
      78.5714340209961
    ],
    [
      300,
      128.57142639160156
    ],
    [
      257.1428527832031,
      42.85714340209961
    ],
    [
      325,
      42.85714340209961
    ],
    [
      325,
      25
    ],
    [
      162.5,
      25
    ]
  ]
]
