[
  [
    [
      251.6666717529297,
      25
    ],
    [
      285,
      -15
    ],
    [
      -15,
      -15
    ],
    [
      135,
      165
    ],
    [
      162.5,
      132
    ],
    [
      162.5,
      212.5
    ],
    [
      325,
      212.5
    ],
    [
      325,
      25
    ],
    [
      251.6666717529297,
      25
    ]
  ],
  [
    [
      251.6666717529297,
      25
    ],
    [
      162.5,
      25
    ],
    [
      162.5,
      132
    ],
    [
      251.6666717529297,
      25
    ]
  ],
  [
    [
      137.5,
      137.5
    ],
    [
      137.5,
      25
    ],
    [
      25,
      25
    ],
    [
      137.5,
      137.5
    ]
  ]
]
