[
  [
    [
      137.5,
      121.875
    ],
    [
      137.5,
      137.5
    ],
    [
      75,
      75
    ],
    [
      137.5,
      121.875
    ]
  ],
  [
    [
      162.5,
      140.625
    ],
    [
      225,
      187.5
    ],
    [
      191.6666717529297,
      212.5
    ],
    [
      162.5,
      212.5
    ],
    [
      162.5,
      140.625
    ]
  ],
  [
    [
      258.3333435058594,
      212.5
    ],
    [
      225,
      187.5
    ],
    [
      325,
      112.5
    ],
    [
      325,
      212.5
    ],
    [
      258.3333435058594,
      212.5
    ]
  ]
]
