[
  [
    [
      150,
      150
    ],
    [
      200,
      0
    ],
    [
      100,
      0
    ],
    [
      114.28571319580078,
      42.85714340209961
    ],
    [
      128.57142639160156,
      42.85714340209961
    ],
    [
      120,
      60
    ],
    [
      150,
      150
    ]
  ],
  [
    [
      287.7550964355469,
      104.08163452148438
    ],
    [
      150,
      150
    ],
    [
      85.71428680419922,
      128.57142639160156
    ],
    [
      0,
      100
    ],
    [
      0,
      200
    ],
    [
      150,
      150
    ],
    [
      100,
      300
    ],
    [
      200,
      300
    ],
    [
      150,
      150
    ],
    [
      300,
      200
    ],
    [
      300,
      128.57142639160156
    ],
    [
      287.7550964355469,
      104.08163452148438
    ]
  ]
]
