[
  [
    [
      60,
      120
    ],
    [
      0,
      100
    ],
    [
      0,
      200
    ],
    [
      85.71428680419922,
      171.42857360839844
    ],
    [
      60,
      120
    ]
  ],
  [
    [
      120,
      240
    ],
    [
      100,
      300
    ],
    [
      200,
      300
    ],
    [
      180,
      240
    ],
    [
      150,
      300
    ],
    [
      120,
      240
    ]
  ],
  [
    [
      170,
      210
    ],
    [
      150,
      250
    ],
    [
      130,
      210
    ],
    [
      140,
      180
    ],
    [
      150,
      200
    ],
    [
      160,
      180
    ],
    [
      170,
      210
    ]
  ],
  [
    [
      214.2857208251953,
      171.42857360839844
    ],
    [
      300,
      200
    ],
    [
      300,
      100
    ],
    [
      240,
      120
    ],
    [
      214.2857208251953,
      171.42857360839844
    ]
  ],
  [
    [
      210,
      130
    ],
    [
      192.85714721679688,
      164.2857208251953
    ],
    [
      171.42857360839844,
      157.14285278320312
    ],
    [
      180,
      140
    ],
    [
      210,
      130
    ]
  ],
  [
    [
      183.3333282470703,
      50
    ],
    [
      166.6666717529297,
      100
    ],
    [
      133.3333282470703,
      100
    ],
    [
      116.66666412353516,
      50
    ],
    [
      183.3333282470703,
      50
    ]
  ],
  [
    [
      90,
      130
    ],
    [
      107.14286041259766,
      164.2857208251953
    ],
    [
      128.57142639160156,
      157.14285278320312
    ],
    [
      120,
      140
    ],
    [
      90,
      130
    ]
  ]
]
