[
  [
    [
      75,
      175
    ],
    [
      75,
      125
    ],
    [
      150,
      150
    ],
    [
      75,
      175
    ]
  ],
  [
    [
      175,
      300
    ],
    [
      100,
      300
    ],
    [
      150,
      150
    ],
    [
      195,
      285
    ],
    [
      175,
      300
    ]
  ],
  [
    [
      300,
      131.25
    ],
    [
      300,
      200
    ],
    [
      236.53846740722656,
      178.84616088867188
    ],
    [
      300,
      131.25
    ]
  ],
  [
    [
      195,
      165
    ],
    [
      150,
      150
    ],
    [
      167.3076934814453,
      144.23077392578125
    ],
    [
      195,
      165
    ]
  ],
  [
    [
      155,
      135
    ],
    [
      150,
      150
    ],
    [
      141.6666717529297,
      125
    ],
    [
      155,
      135
    ]
  ]
]
