[
  [
    [
      104.76190185546875,
      285.71429443359375
    ],
    [
      100,
      300
    ],
    [
      200,
      300
    ],
    [
      195.23809814453125,
      285.71429443359375
    ],
    [
      104.76190185546875,
      285.71429443359375
    ]
  ],
  [
    [
      285.71429443359375,
      195.23809814453125
    ],
    [
      300,
      200
    ],
    [
      300,
      100
    ],
    [
      285.71429443359375,
      104.76190185546875
    ],
    [
      285.71429443359375,
      195.23809814453125
    ]
  ]
]
