[
  [
    [
      115.71428680419922,
      0
    ],
    [
      100,
      0
    ],
    [
      115.71428680419922,
      47.142860412597656
    ],
    [
      115.71428680419922,
      0
    ]
  ],
  [
    [
      185.7142791748047,
      42.85714340209961
    ],
    [
      158.57142639160156,
      42.85714340209961
    ],
    [
      170.20408630371094,
      89.38775634765625
    ],
    [
      185.7142791748047,
      42.85714340209961
    ]
  ],
  [
    [
      115.71428680419922,
      138.57142639160156
    ],
    [
      0,
      100
    ],
    [
      0,
      200
    ],
    [
      115.71428680419922,
      161.42857360839844
    ],
    [
      115.71428680419922,
      138.57142639160156
    ]
  ],
  [
    [
      128.57142639160156,
      214.2857208251953
    ],
    [
      100,
      300
    ],
    [
      200,
      300
    ],
    [
      171.42857360839844,
      214.2857208251953
    ],
    [
      128.57142639160156,
      214.2857208251953
    ]
  ],
  [
    [
      287.1428527832031,
      171.42857360839844
    ],
    [
      244.2857208251953,
      171.42857360839844
    ],
    [
      244.2857208251953,
      128.57142639160156
    ],
    [
      287.1428527832031,
      171.42857360839844
    ]
  ]
]
