[
  [
    [
      177.27272033691406,
      68.18181610107422
    ],
    [
      200,
      0
    ],
    [
      100,
      0
    ],
    [
      122.7272720336914,
      68.18181610107422
    ],
    [
      80.76923370361328,
      126.92308044433594
    ],
    [
      0,
      100
    ],
    [
      0,
      200
    ],
    [
      37.5,
      187.5
    ],
    [
      0,
      240
    ],
    [
      120,
      240
    ],
    [
      100,
      300
    ],
    [
      200,
      300
    ],
    [
      180,
      240
    ],
    [
      300,
      240
    ],
    [
      262.5,
      187.5
    ],
    [
      300,
      200
    ],
    [
      300,
      100
    ],
    [
      219.23077392578125,
      126.92308044433594
    ],
    [
      177.27272033691406,
      68.18181610107422
    ]
  ],
  [
    [
      150,
      150
    ],
    [
      122.7272720336914,
      68.18181610107422
    ],
    [
      150,
      30
    ],
    [
      177.27272033691406,
      68.18181610107422
    ],
    [
      150,
      150
    ]
  ],
  [
    [
      150,
      150
    ],
    [
      262.5,
      187.5
    ],
    [
      219.23077392578125,
      126.92308044433594
    ],
    [
      150,
      150
    ]
  ],
  [
    [
      150,
      150
    ],
    [
      180,
      240
    ],
    [
      120,
      240
    ],
    [
      150,
      150
    ]
  ],
  [
    [
      150,
      150
    ],
    [
      37.5,
      187.5
    ],
    [
      80.76923370361328,
      126.92308044433594
    ],
    [
      150,
      150
    ]
  ]
]
