[
  [
    [
      179.1666717529297,
      62.5
    ],
    [
      200,
      0
    ],
    [
      100,
      0
    ],
    [
      120.83333587646484,
      62.5
    ],
    [
      162.5,
      62.5
    ],
    [
      176.29310607910156,
      71.12068939208984
    ],
    [
      179.1666717529297,
      62.5
    ]
  ],
  [
    [
      150,
      150
    ],
    [
      0,
      100
    ],
    [
      0,
      200
    ],
    [
      150,
      150
    ]
  ],
  [
    [
      210.57691955566406,
      129.8076934814453
    ],
    [
      249.45652770996094,
      116.84782409667969
    ],
    [
      300,
      148.4375
    ],
    [
      300,
      200
    ],
    [
      196.3235321044922,
      165.44117736816406
    ],
    [
      210.57691955566406,
      129.8076934814453
    ]
  ],
  [
    [
      200,
      300
    ],
    [
      150,
      150
    ],
    [
      100,
      300
    ],
    [
      200,
      300
    ]
  ]
]
