[
  [
    [
      150,
      150
    ],
    [
      200,
      0
    ],
    [
      100,
      0
    ],
    [
      150,
      150
    ]
  ],
  [
    [
      150,
      150
    ],
    [
      300,
      200
    ],
    [
      300,
      100
    ],
    [
      150,
      150
    ]
  ],
  [
    [
      185,
      255
    ],
    [
      150,
      150
    ],
    [
      0,
      100
    ],
    [
      0,
      200
    ],
    [
      150,
      150
    ],
    [
      115,
      255
    ],
    [
      185,
      255
    ]
  ],
  [
    [
      150,
      300
    ],
    [
      112.5,
      262.5
    ],
    [
      100,
      300
    ],
    [
      150,
      300
    ]
  ]
]
