[
  [
    [
      -27.683616638183594,
      -150
    ],
    [
      0.3531073331832886,
      -150
    ],
    [
      0.3531073331832886,
      150
    ],
    [
      -27.683616638183594,
      150
    ],
    [
      -27.683616638183594,
      -150
    ]
  ],
  [
    [
      187.5,
      187.5
    ],
    [
      62.5,
      62.5
    ],
    [
      162.5,
      62.5
    ],
    [
      222.5,
      100
    ],
    [
      187.5,
      187.5
    ]
  ],
  [
    [
      237.5,
      62.5
    ],
    [
      222.5,
      100
    ],
    [
      362.5,
      187.5
    ],
    [
      362.5,
      62.5
    ],
    [
      237.5,
      62.5
    ]
  ]
]
