[
  [
    [
      300,
      0
    ],
    [
      0,
      0
    ],
    [
      0,
      300
    ],
    [
      300,
      300
    ],
    [
      270,
      150
    ],
    [
      273.6111145019531,
      131.94444274902344
    ],
    [
      362.5,
      187.5
    ],
    [
      362.5,
      62.5
    ],
    [
      287.5,
      62.5
    ],
    [
      300,
      0
    ]
  ],
  [
    [
      237.5,
      62.5
    ],
    [
      222.5,
      100
    ],
    [
      162.5,
      62.5
    ],
    [
      62.5,
      62.5
    ],
    [
      150,
      150
    ],
    [
      150,
      180
    ],
    [
      174,
      174
    ],
    [
      187.5,
      187.5
    ],
    [
      195,
      168.75
    ],
    [
      270,
      150
    ],
    [
      208.63636779785156,
      134.65908813476562
    ],
    [
      222.5,
      100
    ],
    [
      273.6111145019531,
      131.94444274902344
    ],
    [
      287.5,
      62.5
    ],
    [
      237.5,
      62.5
    ]
  ],
  [
    [
      195,
      168.75
    ],
    [
      174,
      174
    ],
    [
      150,
      150
    ],
    [
      150,
      120
    ],
    [
      208.63636779785156,
      134.65908813476562
    ],
    [
      195,
      168.75
    ]
  ]
]
