[
  [
    [
      120.83333587646484,
      62.5
    ],
    [
      62.5,
      62.5
    ],
    [
      187.5,
      187.5
    ],
    [
      196.3235321044922,
      165.44117736816406
    ],
    [
      150,
      150
    ],
    [
      210.57691955566406,
      129.8076934814453
    ],
    [
      222.5,
      100
    ],
    [
      249.45652770996094,
      116.84782409667969
    ],
    [
      300,
      100
    ],
    [
      300,
      148.4375
    ],
    [
      362.5,
      187.5
    ],
    [
      362.5,
      62.5
    ],
    [
      237.5,
      62.5
    ],
    [
      222.5,
      100
    ],
    [
      176.29310607910156,
      71.12068939208984
    ],
    [
      150,
      150
    ],
    [
      120.83333587646484,
      62.5
    ]
  ]
]
