[
  [
    [
      268.75,
      62.5
    ],
    [
      300,
      0
    ],
    [
      0,
      0
    ],
    [
      150,
      300
    ],
    [
      243.45237731933594,
      113.0952377319336
    ],
    [
      362.5,
      187.5
    ],
    [
      362.5,
      62.5
    ],
    [
      268.75,
      62.5
    ]
  ],
  [
    [
      238.75,
      62.5
    ],
    [
      268.75,
      62.5
    ],
    [
      243.45237731933594,
      113.0952377319336
    ],
    [
      222.5,
      100
    ],
    [
      232.5,
      75
    ],
    [
      238.75,
      62.5
    ]
  ],
  [
    [
      237.5,
      62.5
    ],
    [
      232.5,
      75
    ],
    [
      220.59524536132812,
      98.80952453613281
    ],
    [
      162.5,
      62.5
    ],
    [
      62.5,
      62.5
    ],
    [
      180,
      180
    ],
    [
      150,
      240
    ],
    [
      60,
      60
    ],
    [
      240,
      60
    ],
    [
      238.75,
      62.5
    ],
    [
      237.5,
      62.5
    ]
  ],
  [
    [
      180,
      180
    ],
    [
      187.5,
      187.5
    ],
    [
      222.5,
      100
    ],
    [
      220.59524536132812,
      98.80952453613281
    ],
    [
      180,
      180
    ]
  ]
]
