[
  [
    [
      137.5,
      62.5
    ],
    [
      137.5,
      25
    ],
    [
      25,
      25
    ],
    [
      162.5,
      162.5
    ],
    [
      162.5,
      212.5
    ],
    [
      325,
      212.5
    ],
    [
      325,
      164.0625
    ],
    [
      362.5,
      187.5
    ],
    [
      362.5,
      62.5
    ],
    [
      325,
      62.5
    ],
    [
      325,
      25
    ],
    [
      162.5,
      25
    ],
    [
      162.5,
      62.5
    ],
    [
      137.5,
      62.5
    ]
  ]
]
