[
  [
    [
      214.42308044433594,
      120.19230651855469
    ],
    [
      300,
      240
    ],
    [
      0,
      240
    ],
    [
      100,
      100
    ],
    [
      187.5,
      187.5
    ],
    [
      214.42308044433594,
      120.19230651855469
    ]
  ],
  [
    [
      181.85484313964844,
      74.59677124023438
    ],
    [
      214.42308044433594,
      120.19230651855469
    ],
    [
      222.5,
      100
    ],
    [
      362.5,
      187.5
    ],
    [
      362.5,
      62.5
    ],
    [
      237.5,
      62.5
    ],
    [
      222.5,
      100
    ],
    [
      181.85484313964844,
      74.59677124023438
    ]
  ],
  [
    [
      162.5,
      62.5
    ],
    [
      181.85484313964844,
      74.59677124023438
    ],
    [
      173.2142791748047,
      62.5
    ],
    [
      150,
      30
    ],
    [
      126.78571319580078,
      62.5
    ],
    [
      62.5,
      62.5
    ],
    [
      100,
      100
    ],
    [
      126.78571319580078,
      62.5
    ],
    [
      162.5,
      62.5
    ]
  ]
]
