[
  [
    [
      300,
      0
    ],
    [
      0,
      0
    ],
    [
      0,
      300
    ],
    [
      300,
      300
    ],
    [
      300,
      148.4375
    ],
    [
      362.5,
      187.5
    ],
    [
      362.5,
      62.5
    ],
    [
      300,
      62.5
    ],
    [
      300,
      0
    ]
  ],
  [
    [
      237.5,
      62.5
    ],
    [
      222.5,
      100
    ],
    [
      162.5,
      62.5
    ],
    [
      62.5,
      62.5
    ],
    [
      187.5,
      187.5
    ],
    [
      222.5,
      100
    ],
    [
      300,
      148.4375
    ],
    [
      300,
      62.5
    ],
    [
      237.5,
      62.5
    ]
  ]
]
