[
  [
    [
      150,
      150
    ],
    [
      187.5,
      187.5
    ],
    [
      187.5,
      112.5
    ],
    [
      208.65383911132812,
      91.34615325927734
    ],
    [
      187.5,
      78.125
    ],
    [
      187.5,
      112.5
    ],
    [
      150,
      150
    ]
  ],
  [
    [
      225,
      93.75
    ],
    [
      237.5,
      62.5
    ],
    [
      262.5,
      62.5
    ],
    [
      262.5,
      125
    ],
    [
      225,
      101.5625
    ],
    [
      225,
      93.75
    ]
  ]
]
