[
  [
    [
      220.4166717529297,
      62.5
    ],
    [
      285,
      -15
    ],
    [
      -15,
      -15
    ],
    [
      135,
      165
    ],
    [
      148.63636779785156,
      148.63636779785156
    ],
    [
      187.5,
      187.5
    ],
    [
      222.5,
      100
    ],
    [
      362.5,
      187.5
    ],
    [
      362.5,
      62.5
    ],
    [
      237.5,
      62.5
    ],
    [
      222.5,
      100
    ],
    [
      200.5821990966797,
      86.3013687133789
    ],
    [
      220.4166717529297,
      62.5
    ]
  ]
]
