[
  [
    [
      187.5,
      187.5
    ],
    [
      62.5,
      62.5
    ],
    [
      162.5,
      62.5
    ],
    [
      222.5,
      100
    ],
    [
      187.5,
      187.5
    ]
  ],
  [
    [
      237.5,
      62.5
    ],
    [
      222.5,
      100
    ],
    [
      362.5,
      187.5
    ],
    [
      362.5,
      62.5
    ],
    [
      237.5,
      62.5
    ]
  ],
  [
    [
      255,
      405
    ],
    [
      405,
      255
    ],
    [
      105,
      255
    ],
    [
      255,
      405
    ]
  ]
]
