[
  [
    [
      100,
      100
    ],
    [
      187.5,
      187.5
    ],
    [
      222.5,
      100
    ],
    [
      362.5,
      187.5
    ],
    [
      362.5,
      62.5
    ],
    [
      333.03570556640625,
      62.5
    ],
    [
      300,
      128.57142639160156
    ],
    [
      266.96429443359375,
      62.5
    ],
    [
      237.5,
      62.5
    ],
    [
      222.5,
      100
    ],
    [
      162.5,
      62.5
    ],
    [
      118.75,
      62.5
    ],
    [
      100,
      100
    ]
  ]
]
