[
  [
    [
      278.5714416503906,
      42.85714340209961
    ],
    [
      267.8571472167969,
      64.28572082519531
    ],
    [
      257.1428527832031,
      42.85714340209961
    ],
    [
      278.5714416503906,
      42.85714340209961
    ]
  ],
  [
    [
      120,
      60
    ],
    [
      128.57142639160156,
      42.85714340209961
    ],
    [
      42.85714340209961,
      42.85714340209961
    ],
    [
      85.71428680419922,
      128.57142639160156
    ],
    [
      90,
      120
    ],
    [
      60,
      60
    ],
    [
      120,
      60
    ]
  ]
]
