[
  [
    [
      30,
      0
    ],
    [
      0,
      0
    ],
    [
      42.85714340209961,
      85.71428680419922
    ],
    [
      34.28571319580078,
      85.71428680419922
    ],
    [
      42.85714340209961,
      107.14286041259766
    ],
    [
      50,
      100
    ],
    [
      150,
      300
    ],
    [
      192.85714721679688,
      214.2857208251953
    ],
    [
      330,
      214.2857208251953
    ],
    [
      330,
      0
    ],
    [
      300,
      0
    ],
    [
      278.5714416503906,
      42.85714340209961
    ],
    [
      265.71429443359375,
      42.85714340209961
    ],
    [
      244.2857208251953,
      85.71428680419922
    ],
    [
      270,
      60
    ],
    [
      192.85714721679688,
      214.2857208251953
    ],
    [
      162.85714721679688,
      214.2857208251953
    ],
    [
      240,
      60
    ],
    [
      197.14285278320312,
      60
    ],
    [
      201.42857360839844,
      42.85714340209961
    ],
    [
      158.57142639160156,
      42.85714340209961
    ],
    [
      162.85714721679688,
      60
    ],
    [
      115.71428680419922,
      60
    ],
    [
      115.71428680419922,
      0
    ],
    [
      72.85713958740234,
      0
    ],
    [
      51.42856979370117,
      42.85714340209961
    ],
    [
      30,
      0
    ]
  ],
  [
    [
      115.71428680419922,
      171.42857360839844
    ],
    [
      60,
      60
    ],
    [
      115.71428680419922,
      60
    ],
    [
      115.71428680419922,
      171.42857360839844
    ]
  ],
  [
    [
      115.71428680419922,
      171.42857360839844
    ],
    [
      137.14285278320312,
      214.2857208251953
    ],
    [
      115.71428680419922,
      214.2857208251953
    ],
    [
      115.71428680419922,
      171.42857360839844
    ]
  ],
  [
    [
      162.85714721679688,
      60
    ],
    [
      180,
      128.57142639160156
    ],
    [
      197.14285278320312,
      60
    ],
    [
      162.85714721679688,
      60
    ]
  ],
  [
    [
      137.14285278320312,
      214.2857208251953
    ],
    [
      162.85714721679688,
      214.2857208251953
    ],
    [
      150,
      240
    ],
    [
      137.14285278320312,
      214.2857208251953
    ]
  ],
  [
    [
      270,
      60
    ],
    [
      278.5714416503906,
      42.85714340209961
    ],
    [
      287.1428527832031,
      42.85714340209961
    ],
    [
      270,
      60
    ]
  ],
  [
    [
      50,
      100
    ],
    [
      64.28571319580078,
      85.71428680419922
    ],
    [
      42.85714340209961,
      85.71428680419922
    ],
    [
      50,
      100
    ]
  ],
  [
    [
      244.2857208251953,
      128.57142639160156
    ],
    [
      287.1428527832031,
      171.42857360839844
    ],
    [
      244.2857208251953,
      171.42857360839844
    ],
    [
      244.2857208251953,
      128.57142639160156
    ]
  ]
]
