[
  [
    [
      100,
      0
    ],
    [
      0,
      0
    ],
    [
      60,
      120
    ],
    [
      96,
      132
    ],
    [
      60,
      60
    ],
    [
      120,
      60
    ],
    [
      100,
      0
    ]
  ],
  [
    [
      200,
      0
    ],
    [
      180,
      60
    ],
    [
      240,
      60
    ],
    [
      204,
      132
    ],
    [
      240,
      120
    ],
    [
      300,
      0
    ],
    [
      200,
      0
    ]
  ],
  [
    [
      214.2857208251953,
      171.42857360839844
    ],
    [
      188.57142639160156,
      162.85714721679688
    ],
    [
      168,
      204
    ],
    [
      180,
      240
    ],
    [
      214.2857208251953,
      171.42857360839844
    ]
  ],
  [
    [
      120,
      240
    ],
    [
      132,
      204
    ],
    [
      111.42857360839844,
      162.85714721679688
    ],
    [
      85.71428680419922,
      171.42857360839844
    ],
    [
      120,
      240
    ]
  ]
]
