[
  [
    [
      229.41175842285156,
      141.1764678955078
    ],
    [
      300,
      0
    ],
    [
      0,
      0
    ],
    [
      70.5882339477539,
      141.1764678955078
    ],
    [
      0,
      240
    ],
    [
      120,
      240
    ],
    [
      150,
      300
    ],
    [
      180,
      240
    ],
    [
      300,
      240
    ],
    [
      229.41175842285156,
      141.1764678955078
    ]
  ],
  [
    [
      211.76470947265625,
      116.47058868408203
    ],
    [
      240,
      60
    ],
    [
      171.42857360839844,
      60
    ],
    [
      211.76470947265625,
      116.47058868408203
    ]
  ],
  [
    [
      128.57142639160156,
      60
    ],
    [
      60,
      60
    ],
    [
      88.23529052734375,
      116.47058868408203
    ],
    [
      128.57142639160156,
      60
    ]
  ]
]
