[
  [
    [
      187.5,
      0
    ],
    [
      0,
      0
    ],
    [
      37.5,
      75
    ],
    [
      37.5,
      262.5
    ],
    [
      100,
      200
    ],
    [
      150,
      300
    ],
    [
      187.5,
      225
    ],
    [
      187.5,
      300
    ],
    [
      225,
      300
    ],
    [
      225,
      225
    ],
    [
      262.5,
      262.5
    ],
    [
      262.5,
      75
    ],
    [
      300,
      0
    ],
    [
      187.5,
      0
    ]
  ],
  [
    [
      187.5,
      60
    ],
    [
      60,
      60
    ],
    [
      150,
      150
    ],
    [
      120,
      180
    ],
    [
      150,
      240
    ],
    [
      180,
      180
    ],
    [
      150,
      150
    ],
    [
      187.5,
      112.5
    ],
    [
      187.5,
      165
    ],
    [
      225,
      90
    ],
    [
      225,
      75
    ],
    [
      240,
      60
    ],
    [
      225,
      60
    ],
    [
      225,
      75
    ],
    [
      187.5,
      112.5
    ],
    [
      187.5,
      60
    ]
  ],
  [
    [
      225,
      150
    ],
    [
      225,
      225
    ],
    [
      200,
      200
    ],
    [
      225,
      150
    ]
  ]
]
