[
  [
    [
      172.5,
      255
    ],
    [
      300,
      0
    ],
    [
      0,
      0
    ],
    [
      127.5,
      255
    ],
    [
      105,
      255
    ],
    [
      255,
      405
    ],
    [
      405,
      255
    ],
    [
      172.5,
      255
    ]
  ],
  [
    [
      172.5,
      255
    ],
    [
      127.5,
      255
    ],
    [
      150,
      300
    ],
    [
      172.5,
      255
    ]
  ],
  [
    [
      150,
      240
    ],
    [
      60,
      60
    ],
    [
      240,
      60
    ],
    [
      150,
      240
    ]
  ]
]
