[
  [
    [
      211.36363220214844,
      177.27272033691406
    ],
    [
      300,
      0
    ],
    [
      0,
      0
    ],
    [
      75,
      150
    ],
    [
      75,
      90
    ],
    [
      60,
      60
    ],
    [
      240,
      60
    ],
    [
      189.5454559326172,
      160.90908813476562
    ],
    [
      211.36363220214844,
      177.27272033691406
    ]
  ],
  [
    [
      195,
      210
    ],
    [
      175,
      225
    ],
    [
      184.09091186523438,
      231.81817626953125
    ],
    [
      195,
      210
    ]
  ]
]
