[
  [
    [
      -150,
      150
    ],
    [
      -150,
      -150
    ],
    [
      150,
      -150
    ],
    [
      150,
      0
    ],
    [
      0,
      0
    ],
    [
      75,
      150
    ],
    [
      -150,
      150
    ]
  ],
  [
    [
      105,
      150
    ],
    [
      75,
      150
    ],
    [
      150,
      300
    ],
    [
      300,
      0
    ],
    [
      150,
      0
    ],
    [
      150,
      60
    ],
    [
      60,
      60
    ],
    [
      105,
      150
    ]
  ],
  [
    [
      105,
      150
    ],
    [
      150,
      150
    ],
    [
      150,
      60
    ],
    [
      240,
      60
    ],
    [
      150,
      240
    ],
    [
      105,
      150
    ]
  ]
]
