[
  [
    [
      230,
      140
    ],
    [
      300,
      0
    ],
    [
      270,
      150
    ],
    [
      230,
      140
    ]
  ],
  [
    [
      218.57142639160156,
      162.85714721679688
    ],
    [
      270,
      150
    ],
    [
      300,
      300
    ],
    [
      150,
      300
    ],
    [
      218.57142639160156,
      162.85714721679688
    ]
  ],
  [
    [
      190,
      170
    ],
    [
      150,
      250
    ],
    [
      50,
      50
    ],
    [
      250,
      50
    ],
    [
      207.77777099609375,
      134.44444274902344
    ],
    [
      185.55555725097656,
      128.88888549804688
    ],
    [
      200,
      100
    ],
    [
      100,
      100
    ],
    [
      150,
      200
    ],
    [
      161.42857360839844,
      177.14285278320312
    ],
    [
      190,
      170
    ]
  ],
  [
    [
      161.42857360839844,
      177.14285278320312
    ],
    [
      185.55555725097656,
      128.88888549804688
    ],
    [
      150,
      120
    ],
    [
      150,
      180
    ],
    [
      161.42857360839844,
      177.14285278320312
    ]
  ],
  [
    [
      190,
      170
    ],
    [
      218.57142639160156,
      162.85714721679688
    ],
    [
      230,
      140
    ],
    [
      207.77777099609375,
      134.44444274902344
    ],
    [
      190,
      170
    ]
  ],
  [
    [
      150,
      300
    ],
    [
      0,
      300
    ],
    [
      0,
      0
    ],
    [
      150,
      300
    ]
  ]
]
