[
  [
    [
      187.5,
      0
    ],
    [
      0,
      0
    ],
    [
      37.5,
      75
    ],
    [
      37.5,
      262.5
    ],
    [
      100,
      200
    ],
    [
      150,
      300
    ],
    [
      187.5,
      225
    ],
    [
      187.5,
      300
    ],
    [
      225,
      300
    ],
    [
      225,
      225
    ],
    [
      262.5,
      262.5
    ],
    [
      262.5,
      75
    ],
    [
      300,
      0
    ],
    [
      225,
      0
    ],
    [
      225,
      50
    ],
    [
      187.5,
      50
    ],
    [
      187.5,
      0
    ]
  ],
  [
    [
      187.5,
      100
    ],
    [
      187.5,
      50
    ],
    [
      50,
      50
    ],
    [
      37.5,
      37.5
    ],
    [
      37.5,
      75
    ],
    [
      100,
      200
    ],
    [
      116.66666412353516,
      183.3333282470703
    ],
    [
      150,
      250
    ],
    [
      183.3333282470703,
      183.3333282470703
    ],
    [
      187.5,
      187.5
    ],
    [
      187.5,
      225
    ],
    [
      200,
      200
    ],
    [
      225,
      225
    ],
    [
      225,
      150
    ],
    [
      262.5,
      75
    ],
    [
      262.5,
      37.5
    ],
    [
      250,
      50
    ],
    [
      225,
      50
    ],
    [
      225,
      75
    ],
    [
      200,
      100
    ],
    [
      187.5,
      100
    ]
  ],
  [
    [
      187.5,
      112.5
    ],
    [
      200,
      100
    ],
    [
      187.5,
      125
    ],
    [
      187.5,
      112.5
    ]
  ],
  [
    [
      150,
      150
    ],
    [
      187.5,
      112.5
    ],
    [
      187.5,
      100
    ],
    [
      100,
      100
    ],
    [
      50,
      50
    ],
    [
      116.66666412353516,
      183.3333282470703
    ],
    [
      133.3333282470703,
      166.6666717529297
    ],
    [
      150,
      200
    ],
    [
      166.6666717529297,
      166.6666717529297
    ],
    [
      183.3333282470703,
      183.3333282470703
    ],
    [
      187.5,
      175
    ],
    [
      187.5,
      187.5
    ],
    [
      200,
      200
    ],
    [
      225,
      150
    ],
    [
      225,
      100
    ],
    [
      250,
      50
    ],
    [
      225,
      75
    ],
    [
      225,
      100
    ],
    [
      187.5,
      175
    ],
    [
      187.5,
      125
    ],
    [
      166.6666717529297,
      166.6666717529297
    ],
    [
      150,
      150
    ]
  ],
  [
    [
      150,
      150
    ],
    [
      133.3333282470703,
      166.6666717529297
    ],
    [
      100,
      100
    ],
    [
      150,
      150
    ]
  ]
]
