[
  [
    [
      211.36363220214844,
      177.27272033691406
    ],
    [
      193.18182373046875,
      163.63636779785156
    ],
    [
      150,
      250
    ],
    [
      75,
      100
    ],
    [
      75,
      150
    ],
    [
      150,
      300
    ],
    [
      184.09091186523438,
      231.81817626953125
    ],
    [
      175,
      225
    ],
    [
      195,
      210
    ],
    [
      211.36363220214844,
      177.27272033691406
    ]
  ],
  [
    [
      108.33333587646484,
      100
    ],
    [
      100,
      100
    ],
    [
      150,
      200
    ],
    [
      175,
      150
    ],
    [
      108.33333587646484,
      100
    ]
  ]
]
