[
  [
    [
      118.75,
      62.5
    ],
    [
      128.57142639160156,
      42.85714340209961
    ],
    [
      42.85714340209961,
      42.85714340209961
    ],
    [
      85.71428680419922,
      128.57142639160156
    ],
    [
      100,
      100
    ],
    [
      187.5,
      187.5
    ],
    [
      222.5,
      100
    ],
    [
      362.5,
      187.5
    ],
    [
      362.5,
      62.5
    ],
    [
      333.03570556640625,
      62.5
    ],
    [
      342.8571472167969,
      42.85714340209961
    ],
    [
      257.1428527832031,
      42.85714340209961
    ],
    [
      266.96429443359375,
      62.5
    ],
    [
      237.5,
      62.5
    ],
    [
      222.5,
      100
    ],
    [
      162.5,
      62.5
    ],
    [
      118.75,
      62.5
    ]
  ],
  [
    [
      266.96429443359375,
      62.5
    ],
    [
      300,
      128.57142639160156
    ],
    [
      333.03570556640625,
      62.5
    ],
    [
      266.96429443359375,
      62.5
    ]
  ],
  [
    [
      118.75,
      62.5
    ],
    [
      100,
      100
    ],
    [
      62.5,
      62.5
    ],
    [
      118.75,
      62.5
    ]
  ]
]
