[
  [
    [
      330,
      42.85714340209961
    ],
    [
      330,
      68.5714340209961
    ],
    [
      300,
      128.57142639160156
    ],
    [
      267.1428527832031,
      62.857147216796875
    ],
    [
      287.1428527832031,
      42.85714340209961
    ],
    [
      330,
      42.85714340209961
    ]
  ],
  [
    [
      115.71428680419922,
      42.85714340209961
    ],
    [
      128.57142639160156,
      42.85714340209961
    ],
    [
      115.71428680419922,
      68.57142639160156
    ],
    [
      115.71428680419922,
      42.85714340209961
    ]
  ],
  [
    [
      265.71429443359375,
      42.85714340209961
    ],
    [
      257.1428527832031,
      42.85714340209961
    ],
    [
      261.4285888671875,
      51.428585052490234
    ],
    [
      265.71429443359375,
      42.85714340209961
    ]
  ]
]
