[
  [
    [
      50,
      100
    ],
    [
      42.85714340209961,
      85.71428680419922
    ],
    [
      64.28571319580078,
      85.71428680419922
    ],
    [
      50,
      100
    ]
  ],
  [
    [
      300,
      0
    ],
    [
      115.71428680419922,
      0
    ],
    [
      115.71428680419922,
      50
    ],
    [
      160.35714721679688,
      50
    ],
    [
      158.57142639160156,
      42.85714340209961
    ],
    [
      201.42857360839844,
      42.85714340209961
    ],
    [
      199.64285278320312,
      50
    ],
    [
      250,
      50
    ],
    [
      167.85714721679688,
      214.2857208251953
    ],
    [
      192.85714721679688,
      214.2857208251953
    ],
    [
      270,
      60
    ],
    [
      244.2857208251953,
      85.71428680419922
    ],
    [
      265.71429443359375,
      42.85714340209961
    ],
    [
      278.5714416503906,
      42.85714340209961
    ],
    [
      300,
      0
    ]
  ],
  [
    [
      132.14285278320312,
      214.2857208251953
    ],
    [
      115.71428680419922,
      181.42857360839844
    ],
    [
      115.71428680419922,
      214.2857208251953
    ],
    [
      132.14285278320312,
      214.2857208251953
    ]
  ],
  [
    [
      115.71428680419922,
      131.42857360839844
    ],
    [
      150,
      200
    ],
    [
      200,
      100
    ],
    [
      187.14285278320312,
      100
    ],
    [
      180,
      128.57142639160156
    ],
    [
      172.85714721679688,
      100
    ],
    [
      115.71428680419922,
      100
    ],
    [
      115.71428680419922,
      131.42857360839844
    ]
  ],
  [
    [
      72.85713958740234,
      0
    ],
    [
      30,
      0
    ],
    [
      51.42856979370117,
      42.85714340209961
    ],
    [
      72.85713958740234,
      0
    ]
  ]
]
