[
  [
    [
      230,
      140
    ],
    [
      207.77777099609375,
      134.44444274902344
    ],
    [
      190,
      170
    ],
    [
      218.57142639160156,
      162.85714721679688
    ],
    [
      230,
      140
    ]
  ],
  [
    [
      161.42857360839844,
      177.14285278320312
    ],
    [
      185.55555725097656,
      128.88888549804688
    ],
    [
      150,
      120
    ],
    [
      150,
      180
    ],
    [
      161.42857360839844,
      177.14285278320312
    ]
  ]
]
