[
  [
    [
      278.5714416503906,
      42.85714340209961
    ],
    [
      300,
      0
    ],
    [
      0,
      0
    ],
    [
      150,
      300
    ],
    [
      267.8571472167969,
      64.28572082519531
    ],
    [
      300,
      128.57142639160156
    ],
    [
      342.8571472167969,
      42.85714340209961
    ],
    [
      278.5714416503906,
      42.85714340209961
    ]
  ],
  [
    [
      87.5,
      125
    ],
    [
      150,
      250
    ],
    [
      250,
      50
    ],
    [
      125,
      50
    ],
    [
      87.5,
      125
    ]
  ],
  [
    [
      100,
      100
    ],
    [
      150,
      200
    ],
    [
      200,
      100
    ],
    [
      100,
      100
    ]
  ]
]
