[
  [
    [
      211.36363220214844,
      177.27272033691406
    ],
    [
      300,
      0
    ],
    [
      0,
      0
    ],
    [
      75,
      150
    ],
    [
      75,
      100
    ],
    [
      50,
      50
    ],
    [
      250,
      50
    ],
    [
      193.18182373046875,
      163.63636779785156
    ],
    [
      211.36363220214844,
      177.27272033691406
    ]
  ],
  [
    [
      195,
      210
    ],
    [
      175,
      225
    ],
    [
      184.09091186523438,
      231.81817626953125
    ],
    [
      195,
      210
    ]
  ],
  [
    [
      175,
      150
    ],
    [
      200,
      100
    ],
    [
      108.33333587646484,
      100
    ],
    [
      175,
      150
    ]
  ]
]
