[
  [
    [
      135,
      165
    ],
    [
      285,
      -15
    ],
    [
      -15,
      -15
    ],
    [
      57.32143020629883,
      71.78572082519531
    ],
    [
      85.71428680419922,
      128.57142639160156
    ],
    [
      92.8125,
      114.375
    ],
    [
      135,
      165
    ]
  ],
  [
    [
      92.8125,
      114.375
    ],
    [
      128.57142639160156,
      42.85714340209961
    ],
    [
      42.85714340209961,
      42.85714340209961
    ],
    [
      57.32143020629883,
      71.78572082519531
    ],
    [
      92.8125,
      114.375
    ]
  ],
  [
    [
      300,
      128.57142639160156
    ],
    [
      342.8571472167969,
      42.85714340209961
    ],
    [
      257.1428527832031,
      42.85714340209961
    ],
    [
      300,
      128.57142639160156
    ]
  ]
]
