[
  [
    [
      268.75,
      62.5
    ],
    [
      300,
      0
    ],
    [
      0,
      0
    ],
    [
      150,
      300
    ],
    [
      243.45237731933594,
      113.0952377319336
    ],
    [
      224.40475463867188,
      101.19047546386719
    ],
    [
      212.5,
      125
    ],
    [
      187.5,
      187.5
    ],
    [
      183.3333282470703,
      183.3333282470703
    ],
    [
      150,
      250
    ],
    [
      50,
      50
    ],
    [
      250,
      50
    ],
    [
      243.75,
      62.5
    ],
    [
      268.75,
      62.5
    ]
  ],
  [
    [
      100,
      100
    ],
    [
      150,
      200
    ],
    [
      166.6666717529297,
      166.6666717529297
    ],
    [
      100,
      100
    ]
  ]
]
