[
  [
    [
      225,
      150
    ],
    [
      150,
      300
    ],
    [
      75,
      150
    ],
    [
      75,
      100
    ],
    [
      150,
      250
    ],
    [
      225,
      100
    ],
    [
      225,
      150
    ]
  ],
  [
    [
      225,
      0
    ],
    [
      75,
      0
    ],
    [
      75,
      50
    ],
    [
      225,
      50
    ],
    [
      225,
      0
    ]
  ],
  [
    [
      150,
      200
    ],
    [
      200,
      100
    ],
    [
      100,
      100
    ],
    [
      150,
      200
    ]
  ]
]
