[
  [
    [
      51.42856979370117,
      42.85714340209961
    ],
    [
      72.85713958740234,
      0
    ],
    [
      30,
      0
    ],
    [
      51.42856979370117,
      42.85714340209961
    ]
  ],
  [
    [
      115.71428680419922,
      42.85714340209961
    ],
    [
      42.85714340209961,
      42.85714340209961
    ],
    [
      64.28571319580078,
      85.71428680419922
    ],
    [
      34.28571319580078,
      85.71428680419922
    ],
    [
      42.85714340209961,
      107.14286041259766
    ],
    [
      64.28571319580078,
      85.71428680419922
    ],
    [
      85.71428680419922,
      128.57142639160156
    ],
    [
      115.71428680419922,
      68.57142639160156
    ],
    [
      115.71428680419922,
      214.2857208251953
    ],
    [
      330,
      214.2857208251953
    ],
    [
      330,
      68.5714340209961
    ],
    [
      342.8571472167969,
      42.85714340209961
    ],
    [
      330,
      42.85714340209961
    ],
    [
      330,
      0
    ],
    [
      115.71428680419922,
      0
    ],
    [
      115.71428680419922,
      42.85714340209961
    ]
  ],
  [
    [
      287.1428527832031,
      42.85714340209961
    ],
    [
      330,
      42.85714340209961
    ],
    [
      330,
      68.5714340209961
    ],
    [
      300,
      128.57142639160156
    ],
    [
      267.1428527832031,
      62.857147216796875
    ],
    [
      287.1428527832031,
      42.85714340209961
    ]
  ],
  [
    [
      265.71429443359375,
      42.85714340209961
    ],
    [
      257.1428527832031,
      42.85714340209961
    ],
    [
      261.4285888671875,
      51.428585052490234
    ],
    [
      244.2857208251953,
      85.71428680419922
    ],
    [
      267.1428527832031,
      62.857147216796875
    ],
    [
      261.4285888671875,
      51.428585052490234
    ],
    [
      265.71429443359375,
      42.85714340209961
    ]
  ],
  [
    [
      115.71428680419922,
      42.85714340209961
    ],
    [
      128.57142639160156,
      42.85714340209961
    ],
    [
      115.71428680419922,
      68.57142639160156
    ],
    [
      115.71428680419922,
      42.85714340209961
    ]
  ],
  [
    [
      244.2857208251953,
      128.57142639160156
    ],
    [
      287.1428527832031,
      171.42857360839844
    ],
    [
      244.2857208251953,
      171.42857360839844
    ],
    [
      244.2857208251953,
      128.57142639160156
    ]
  ],
  [
    [
      180,
      128.57142639160156
    ],
    [
      158.57142639160156,
      42.85714340209961
    ],
    [
      201.42857360839844,
      42.85714340209961
    ],
    [
      180,
      128.57142639160156
    ]
  ]
]
