[
  [
    [
      -27.683616638183594,
      -150
    ],
    [
      0.3531073331832886,
      -150
    ],
    [
      0.3531073331832886,
      0
    ],
    [
      0,
      0
    ],
    [
      0.3531073331832886,
      0.7062146663665771
    ],
    [
      0.3531073331832886,
      150
    ],
    [
      -27.683616638183594,
      150
    ],
    [
      -27.683616638183594,
      -150
    ]
  ],
  [
    [
      0.3531073331832886,
      0.7062146663665771
    ],
    [
      150,
      300
    ],
    [
      300,
      0
    ],
    [
      0.3531073331832886,
      0
    ],
    [
      0.3531073331832886,
      0.7062146663665771
    ]
  ],
  [
    [
      150,
      200
    ],
    [
      200,
      100
    ],
    [
      100,
      100
    ],
    [
      150,
      200
    ]
  ],
  [
    [
      150,
      250
    ],
    [
      50,
      50
    ],
    [
      250,
      50
    ],
    [
      150,
      250
    ]
  ]
]
