[
  [
    [
      51.42856979370117,
      42.85714340209961
    ],
    [
      42.85714340209961,
      42.85714340209961
    ],
    [
      64.28571319580078,
      85.71428680419922
    ],
    [
      85.71428680419922,
      128.57142639160156
    ],
    [
      115.71428680419922,
      68.57142639160156
    ],
    [
      115.71428680419922,
      42.85714340209961
    ],
    [
      51.42856979370117,
      42.85714340209961
    ]
  ],
  [
    [
      287.1428527832031,
      42.85714340209961
    ],
    [
      265.71429443359375,
      42.85714340209961
    ],
    [
      261.4285888671875,
      51.428585052490234
    ],
    [
      267.1428527832031,
      62.857147216796875
    ],
    [
      287.1428527832031,
      42.85714340209961
    ]
  ],
  [
    [
      330,
      68.5714340209961
    ],
    [
      330,
      42.85714340209961
    ],
    [
      342.8571472167969,
      42.85714340209961
    ],
    [
      330,
      68.5714340209961
    ]
  ]
]
