[
  [
    [
      102.2727279663086,
      95.45454406738281
    ],
    [
      128.57142639160156,
      42.85714340209961
    ],
    [
      42.85714340209961,
      42.85714340209961
    ],
    [
      75,
      107.14285278320312
    ],
    [
      75,
      75
    ],
    [
      102.2727279663086,
      95.45454406738281
    ]
  ],
  [
    [
      300,
      128.57142639160156
    ],
    [
      342.8571472167969,
      42.85714340209961
    ],
    [
      257.1428527832031,
      42.85714340209961
    ],
    [
      300,
      128.57142639160156
    ]
  ]
]
