[
  [
    [
      102.2727279663086,
      95.45454406738281
    ],
    [
      128.57142639160156,
      42.85714340209961
    ],
    [
      42.85714340209961,
      42.85714340209961
    ],
    [
      75,
      107.14285278320312
    ],
    [
      75,
      375
    ],
    [
      225,
      262.5
    ],
    [
      375,
      375
    ],
    [
      375,
      75
    ],
    [
      225,
      187.5
    ],
    [
      102.2727279663086,
      95.45454406738281
    ]
  ],
  [
    [
      225,
      187.5
    ],
    [
      175,
      225
    ],
    [
      225,
      262.5
    ],
    [
      275,
      225
    ],
    [
      225,
      187.5
    ]
  ],
  [
    [
      300,
      128.57142639160156
    ],
    [
      342.8571472167969,
      42.85714340209961
    ],
    [
      257.1428527832031,
      42.85714340209961
    ],
    [
      300,
      128.57142639160156
    ]
  ]
]
