[
  [
    [
      268.75,
      62.5
    ],
    [
      243.45237731933594,
      113.0952377319336
    ],
    [
      224.40475463867188,
      101.19047546386719
    ],
    [
      243.75,
      62.5
    ],
    [
      268.75,
      62.5
    ]
  ],
  [
    [
      166.6666717529297,
      166.6666717529297
    ],
    [
      100,
      100
    ],
    [
      200,
      100
    ],
    [
      166.6666717529297,
      166.6666717529297
    ]
  ],
  [
    [
      183.3333282470703,
      183.3333282470703
    ],
    [
      187.5,
      187.5
    ],
    [
      212.5,
      125
    ],
    [
      183.3333282470703,
      183.3333282470703
    ]
  ]
]
