[
  [
    [
      114.28571319580078,
      42.85714340209961
    ],
    [
      42.85714340209961,
      42.85714340209961
    ],
    [
      85.71428680419922,
      128.57142639160156
    ],
    [
      120,
      60
    ],
    [
      114.28571319580078,
      42.85714340209961
    ]
  ],
  [
    [
      300,
      128.57142639160156
    ],
    [
      300,
      100
    ],
    [
      287.7550964355469,
      104.08163452148438
    ],
    [
      257.1428527832031,
      42.85714340209961
    ],
    [
      342.8571472167969,
      42.85714340209961
    ],
    [
      300,
      128.57142639160156
    ]
  ]
]
