[
  [
    [
      30,
      0
    ],
    [
      0,
      0
    ],
    [
      42.85714340209961,
      85.71428680419922
    ],
    [
      34.28571319580078,
      85.71428680419922
    ],
    [
      42.85714340209961,
      107.14286041259766
    ],
    [
      50,
      100
    ],
    [
      150,
      300
    ],
    [
      192.85714721679688,
      214.2857208251953
    ],
    [
      330,
      214.2857208251953
    ],
    [
      330,
      0
    ],
    [
      30,
      0
    ]
  ],
  [
    [
      115.71428680419922,
      50
    ],
    [
      50,
      50
    ],
    [
      115.71428680419922,
      181.42857360839844
    ],
    [
      115.71428680419922,
      131.42857360839844
    ],
    [
      100,
      100
    ],
    [
      115.71428680419922,
      100
    ],
    [
      115.71428680419922,
      50
    ]
  ],
  [
    [
      187.14285278320312,
      100
    ],
    [
      172.85714721679688,
      100
    ],
    [
      160.35714721679688,
      50
    ],
    [
      199.64285278320312,
      50
    ],
    [
      187.14285278320312,
      100
    ]
  ],
  [
    [
      167.85714721679688,
      214.2857208251953
    ],
    [
      132.14285278320312,
      214.2857208251953
    ],
    [
      150,
      250
    ],
    [
      167.85714721679688,
      214.2857208251953
    ]
  ],
  [
    [
      270,
      60
    ],
    [
      278.5714416503906,
      42.85714340209961
    ],
    [
      287.1428527832031,
      42.85714340209961
    ],
    [
      270,
      60
    ]
  ],
  [
    [
      244.2857208251953,
      128.57142639160156
    ],
    [
      287.1428527832031,
      171.42857360839844
    ],
    [
      244.2857208251953,
      171.42857360839844
    ],
    [
      244.2857208251953,
      128.57142639160156
    ]
  ]
]
