[
  [
    [
      115.71428680419922,
      0
    ],
    [
      75,
      0
    ],
    [
      75,
      300
    ],
    [
      225,
      300
    ],
    [
      225,
      214.2857208251953
    ],
    [
      115.71428680419922,
      214.2857208251953
    ],
    [
      115.71428680419922,
      0
    ]
  ],
  [
    [
      180,
      128.57142639160156
    ],
    [
      158.57142639160156,
      42.85714340209961
    ],
    [
      201.42857360839844,
      42.85714340209961
    ],
    [
      180,
      128.57142639160156
    ]
  ]
]
