[
  [
    [
      150,
      0
    ],
    [
      115.71428680419922,
      0
    ],
    [
      115.71428680419922,
      214.2857208251953
    ],
    [
      150,
      214.2857208251953
    ],
    [
      150,
      0
    ]
  ],
  [
    [
      72.85713958740234,
      0
    ],
    [
      30,
      0
    ],
    [
      51.42856979370117,
      42.85714340209961
    ],
    [
      72.85713958740234,
      0
    ]
  ],
  [
    [
      64.28571319580078,
      85.71428680419922
    ],
    [
      34.28571319580078,
      85.71428680419922
    ],
    [
      42.85714340209961,
      107.14286041259766
    ],
    [
      64.28571319580078,
      85.71428680419922
    ]
  ]
]
