[
  [
    [
      150,
      0
    ],
    [
      0,
      0
    ],
    [
      150,
      300
    ],
    [
      300,
      300
    ],
    [
      300,
      0
    ],
    [
      150,
      300
    ],
    [
      150,
      250
    ],
    [
      250,
      50
    ],
    [
      150,
      50
    ],
    [
      150,
      0
    ]
  ],
  [
    [
      150,
      100
    ],
    [
      150,
      50
    ],
    [
      50,
      50
    ],
    [
      150,
      250
    ],
    [
      150,
      200
    ],
    [
      200,
      100
    ],
    [
      150,
      100
    ]
  ],
  [
    [
      150,
      100
    ],
    [
      150,
      200
    ],
    [
      100,
      100
    ],
    [
      150,
      100
    ]
  ]
]
