[
  [
    [
      150,
      0
    ],
    [
      0,
      0
    ],
    [
      150,
      300
    ],
    [
      450,
      300
    ],
    [
      450,
      0
    ],
    [
      300,
      0
    ],
    [
      150,
      300
    ],
    [
      150,
      240
    ],
    [
      240,
      60
    ],
    [
      150,
      60
    ],
    [
      150,
      0
    ]
  ],
  [
    [
      150,
      60
    ],
    [
      60,
      60
    ],
    [
      150,
      240
    ],
    [
      150,
      60
    ]
  ]
]
