[
  [
    [
      285.71429443359375,
      -14.285714149475098
    ],
    [
      -14.285714149475098,
      -14.285714149475098
    ],
    [
      -14.285714149475098,
      285.71429443359375
    ],
    [
      75,
      285.71429443359375
    ],
    [
      75,
      300
    ],
    [
      225,
      300
    ],
    [
      225,
      285.71429443359375
    ],
    [
      285.71429443359375,
      285.71429443359375
    ],
    [
      285.71429443359375,
      -14.285714149475098
    ]
  ],
  [
    [
      225,
      285.71429443359375
    ],
    [
      225,
      0
    ],
    [
      75,
      0
    ],
    [
      75,
      285.71429443359375
    ],
    [
      225,
      285.71429443359375
    ]
  ]
]
