[
  [
    [
      100,
      0
    ],
    [
      75,
      0
    ],
    [
      75,
      125
    ],
    [
      0,
      100
    ],
    [
      0,
      200
    ],
    [
      75,
      175
    ],
    [
      75,
      300
    ],
    [
      100,
      300
    ],
    [
      150,
      150
    ],
    [
      200,
      300
    ],
    [
      225,
      300
    ],
    [
      225,
      175
    ],
    [
      300,
      200
    ],
    [
      300,
      100
    ],
    [
      225,
      125
    ],
    [
      225,
      0
    ],
    [
      200,
      0
    ],
    [
      150,
      150
    ],
    [
      100,
      0
    ]
  ],
  [
    [
      225,
      125
    ],
    [
      150,
      150
    ],
    [
      75,
      125
    ],
    [
      75,
      175
    ],
    [
      150,
      150
    ],
    [
      225,
      175
    ],
    [
      225,
      125
    ]
  ]
]
