[
  [
    [
      75,
      0
    ],
    [
      0,
      0
    ],
    [
      75,
      150
    ],
    [
      75,
      300
    ],
    [
      225,
      300
    ],
    [
      225,
      150
    ],
    [
      300,
      0
    ],
    [
      225,
      0
    ],
    [
      225,
      60
    ],
    [
      75,
      60
    ],
    [
      75,
      0
    ]
  ],
  [
    [
      75,
      90
    ],
    [
      75,
      60
    ],
    [
      60,
      60
    ],
    [
      75,
      90
    ]
  ],
  [
    [
      75,
      90
    ],
    [
      75,
      150
    ],
    [
      150,
      300
    ],
    [
      225,
      150
    ],
    [
      225,
      90
    ],
    [
      240,
      60
    ],
    [
      225,
      60
    ],
    [
      225,
      90
    ],
    [
      150,
      240
    ],
    [
      75,
      90
    ]
  ]
]
