[
  [
    [
      -27.683616638183594,
      -150
    ],
    [
      0.3531073331832886,
      -150
    ],
    [
      0.3531073331832886,
      0
    ],
    [
      0,
      0
    ],
    [
      0,
      150
    ],
    [
      -27.683616638183594,
      150
    ],
    [
      -27.683616638183594,
      -150
    ]
  ],
  [
    [
      0,
      150
    ],
    [
      0,
      300
    ],
    [
      150,
      300
    ],
    [
      150,
      0
    ],
    [
      0.3531073331832886,
      0
    ],
    [
      0.3531073331832886,
      150
    ],
    [
      0,
      150
    ]
  ]
]
