[
  [
    [
      187.5,
      0
    ],
    [
      0,
      0
    ],
    [
      37.5,
      75
    ],
    [
      37.5,
      262.5
    ],
    [
      100,
      200
    ],
    [
      150,
      300
    ],
    [
      187.5,
      225
    ],
    [
      187.5,
      300
    ],
    [
      225,
      300
    ],
    [
      225,
      225
    ],
    [
      262.5,
      262.5
    ],
    [
      262.5,
      75
    ],
    [
      300,
      0
    ],
    [
      187.5,
      0
    ]
  ],
  [
    [
      225,
      150
    ],
    [
      225,
      225
    ],
    [
      200,
      200
    ],
    [
      225,
      150
    ]
  ]
]
