[
  [
    [
      225,
      0
    ],
    [
      187.5,
      0
    ],
    [
      187.5,
      112.5
    ],
    [
      150,
      150
    ],
    [
      100,
      100
    ],
    [
      128.57142639160156,
      42.85714340209961
    ],
    [
      42.85714340209961,
      42.85714340209961
    ],
    [
      37.5,
      37.5
    ],
    [
      37.5,
      262.5
    ],
    [
      150,
      150
    ],
    [
      187.5,
      187.5
    ],
    [
      187.5,
      300
    ],
    [
      225,
      300
    ],
    [
      225,
      225
    ],
    [
      262.5,
      262.5
    ],
    [
      262.5,
      53.57143783569336
    ],
    [
      300,
      128.57142639160156
    ],
    [
      342.8571472167969,
      42.85714340209961
    ],
    [
      262.5,
      42.85714340209961
    ],
    [
      262.5,
      37.5
    ],
    [
      225,
      75
    ],
    [
      225,
      0
    ]
  ],
  [
    [
      257.1428527832031,
      42.85714340209961
    ],
    [
      262.5,
      53.57143783569336
    ],
    [
      262.5,
      42.85714340209961
    ],
    [
      257.1428527832031,
      42.85714340209961
    ]
  ],
  [
    [
      225,
      75
    ],
    [
      187.5,
      112.5
    ],
    [
      187.5,
      187.5
    ],
    [
      225,
      225
    ],
    [
      225,
      75
    ]
  ],
  [
    [
      42.85714340209961,
      42.85714340209961
    ],
    [
      100,
      100
    ],
    [
      85.71428680419922,
      128.57142639160156
    ],
    [
      42.85714340209961,
      42.85714340209961
    ]
  ]
]
