[
  [
    [
      225,
      0
    ],
    [
      187.5,
      0
    ],
    [
      187.5,
      82.5
    ],
    [
      150,
      30
    ],
    [
      100,
      100
    ],
    [
      37.5,
      37.5
    ],
    [
      37.5,
      187.5
    ],
    [
      0,
      240
    ],
    [
      37.5,
      240
    ],
    [
      37.5,
      262.5
    ],
    [
      60,
      240
    ],
    [
      187.5,
      240
    ],
    [
      187.5,
      300
    ],
    [
      225,
      300
    ],
    [
      225,
      240
    ],
    [
      240,
      240
    ],
    [
      262.5,
      262.5
    ],
    [
      262.5,
      240
    ],
    [
      300,
      240
    ],
    [
      262.5,
      187.5
    ],
    [
      262.5,
      37.5
    ],
    [
      225,
      75
    ],
    [
      225,
      0
    ]
  ],
  [
    [
      225,
      135
    ],
    [
      262.5,
      187.5
    ],
    [
      262.5,
      240
    ],
    [
      240,
      240
    ],
    [
      225,
      225
    ],
    [
      225,
      135
    ]
  ],
  [
    [
      187.5,
      187.5
    ],
    [
      187.5,
      240
    ],
    [
      225,
      240
    ],
    [
      225,
      225
    ],
    [
      187.5,
      187.5
    ]
  ],
  [
    [
      187.5,
      187.5
    ],
    [
      187.5,
      112.5
    ],
    [
      200,
      100
    ],
    [
      225,
      135
    ],
    [
      225,
      75
    ],
    [
      200,
      100
    ],
    [
      187.5,
      82.5
    ],
    [
      187.5,
      112.5
    ],
    [
      150,
      150
    ],
    [
      100,
      100
    ],
    [
      37.5,
      187.5
    ],
    [
      37.5,
      240
    ],
    [
      60,
      240
    ],
    [
      150,
      150
    ],
    [
      187.5,
      187.5
    ]
  ]
]
