[
  [
    [
      225,
      0
    ],
    [
      187.5,
      0
    ],
    [
      187.5,
      78.125
    ],
    [
      208.65383911132812,
      91.34615325927734
    ],
    [
      225,
      75
    ],
    [
      225,
      93.75
    ],
    [
      237.5,
      62.5
    ],
    [
      262.5,
      62.5
    ],
    [
      262.5,
      37.5
    ],
    [
      225,
      75
    ],
    [
      225,
      0
    ]
  ],
  [
    [
      262.5,
      125
    ],
    [
      225,
      101.5625
    ],
    [
      225,
      225
    ],
    [
      187.5,
      187.5
    ],
    [
      187.5,
      300
    ],
    [
      225,
      300
    ],
    [
      225,
      225
    ],
    [
      262.5,
      262.5
    ],
    [
      262.5,
      125
    ]
  ],
  [
    [
      150,
      150
    ],
    [
      37.5,
      37.5
    ],
    [
      37.5,
      262.5
    ],
    [
      150,
      150
    ]
  ]
]
