[
  [
    [
      37.5,
      75
    ],
    [
      37.5,
      262.5
    ],
    [
      100,
      200
    ],
    [
      37.5,
      75
    ]
  ],
  [
    [
      187.5,
      225
    ],
    [
      187.5,
      300
    ],
    [
      225,
      300
    ],
    [
      225,
      225
    ],
    [
      262.5,
      262.5
    ],
    [
      262.5,
      75
    ],
    [
      225,
      150
    ],
    [
      225,
      225
    ],
    [
      200,
      200
    ],
    [
      187.5,
      225
    ]
  ],
  [
    [
      225,
      100
    ],
    [
      250,
      50
    ],
    [
      225,
      75
    ],
    [
      225,
      50
    ],
    [
      187.5,
      50
    ],
    [
      187.5,
      100
    ],
    [
      200,
      100
    ],
    [
      225,
      75
    ],
    [
      225,
      100
    ]
  ],
  [
    [
      187.5,
      125
    ],
    [
      187.5,
      175
    ],
    [
      183.3333282470703,
      183.3333282470703
    ],
    [
      166.6666717529297,
      166.6666717529297
    ],
    [
      187.5,
      125
    ]
  ],
  [
    [
      133.3333282470703,
      166.6666717529297
    ],
    [
      116.66666412353516,
      183.3333282470703
    ],
    [
      50,
      50
    ],
    [
      100,
      100
    ],
    [
      133.3333282470703,
      166.6666717529297
    ]
  ]
]
