[
  [
    [
      225,
      0
    ],
    [
      187.5,
      0
    ],
    [
      187.5,
      112.5
    ],
    [
      160.7142791748047,
      139.2857208251953
    ],
    [
      187.5,
      159.375
    ],
    [
      187.5,
      112.5
    ],
    [
      225,
      75
    ],
    [
      225,
      225
    ],
    [
      203.57142639160156,
      203.57142639160156
    ],
    [
      187.5,
      215.625
    ],
    [
      187.5,
      234.375
    ],
    [
      225,
      262.5
    ],
    [
      187.5,
      290.625
    ],
    [
      187.5,
      300
    ],
    [
      225,
      300
    ],
    [
      225,
      225
    ],
    [
      246.42857360839844,
      246.42857360839844
    ],
    [
      262.5,
      234.375
    ],
    [
      262.5,
      215.625
    ],
    [
      225,
      187.5
    ],
    [
      262.5,
      159.375
    ],
    [
      262.5,
      37.5
    ],
    [
      225,
      75
    ],
    [
      225,
      0
    ]
  ],
  [
    [
      75,
      225
    ],
    [
      37.5,
      262.5
    ],
    [
      37.5,
      37.5
    ],
    [
      75,
      75
    ],
    [
      75,
      225
    ]
  ]
]
