[
  [
    [
      51.42856979370117,
      42.85714340209961
    ],
    [
      72.85713958740234,
      0
    ],
    [
      30,
      0
    ],
    [
      51.42856979370117,
      42.85714340209961
    ]
  ],
  [
    [
      115.71428680419922,
      47.142860412597656
    ],
    [
      115.71428680419922,
      138.57142639160156
    ],
    [
      150,
      150
    ],
    [
      115.71428680419922,
      161.42857360839844
    ],
    [
      115.71428680419922,
      214.2857208251953
    ],
    [
      128.57142639160156,
      214.2857208251953
    ],
    [
      150,
      150
    ],
    [
      171.42857360839844,
      214.2857208251953
    ],
    [
      330,
      214.2857208251953
    ],
    [
      330,
      0
    ],
    [
      200,
      0
    ],
    [
      185.7142791748047,
      42.85714340209961
    ],
    [
      201.42857360839844,
      42.85714340209961
    ],
    [
      180,
      128.57142639160156
    ],
    [
      170.20408630371094,
      89.38775634765625
    ],
    [
      150,
      150
    ],
    [
      115.71428680419922,
      47.142860412597656
    ]
  ],
  [
    [
      150,
      150
    ],
    [
      300,
      200
    ],
    [
      300,
      100
    ],
    [
      150,
      150
    ]
  ],
  [
    [
      287.1428527832031,
      42.85714340209961
    ],
    [
      244.2857208251953,
      85.71428680419922
    ],
    [
      265.71429443359375,
      42.85714340209961
    ],
    [
      287.1428527832031,
      42.85714340209961
    ]
  ],
  [
    [
      64.28571319580078,
      85.71428680419922
    ],
    [
      34.28571319580078,
      85.71428680419922
    ],
    [
      42.85714340209961,
      107.14286041259766
    ],
    [
      64.28571319580078,
      85.71428680419922
    ]
  ]
]
