[
  [
    [
      37.5,
      93.75
    ],
    [
      37.5,
      85.71428680419922
    ],
    [
      64.28571319580078,
      85.71428680419922
    ],
    [
      42.85714340209961,
      107.14286041259766
    ],
    [
      37.5,
      93.75
    ]
  ],
  [
    [
      115.71428680419922,
      184.28570556640625
    ],
    [
      115.71428680419922,
      115.71428680419922
    ],
    [
      150,
      150
    ],
    [
      115.71428680419922,
      184.28570556640625
    ]
  ],
  [
    [
      225,
      0
    ],
    [
      187.5,
      0
    ],
    [
      187.5,
      42.85714340209961
    ],
    [
      201.42857360839844,
      42.85714340209961
    ],
    [
      187.5,
      98.5714340209961
    ],
    [
      187.5,
      112.5
    ],
    [
      182.85714721679688,
      117.14286041259766
    ],
    [
      180,
      128.57142639160156
    ],
    [
      178.2857208251953,
      121.71428680419922
    ],
    [
      150,
      150
    ],
    [
      187.5,
      187.5
    ],
    [
      187.5,
      214.2857208251953
    ],
    [
      214.2857208251953,
      214.2857208251953
    ],
    [
      187.5,
      187.5
    ],
    [
      187.5,
      112.5
    ],
    [
      225,
      75
    ],
    [
      225,
      214.2857208251953
    ],
    [
      262.5,
      214.2857208251953
    ],
    [
      262.5,
      171.42857360839844
    ],
    [
      244.2857208251953,
      171.42857360839844
    ],
    [
      244.2857208251953,
      128.57142639160156
    ],
    [
      262.5,
      146.78570556640625
    ],
    [
      262.5,
      67.5
    ],
    [
      244.2857208251953,
      85.71428680419922
    ],
    [
      262.5,
      49.28573226928711
    ],
    [
      262.5,
      37.5
    ],
    [
      225,
      75
    ],
    [
      225,
      0
    ]
  ]
]
