[
  [
    [
      282.8571472167969,
      214.2857208251953
    ],
    [
      330,
      214.2857208251953
    ],
    [
      330,
      0
    ],
    [
      300,
      0
    ],
    [
      270,
      150
    ],
    [
      264.28570556640625,
      148.57142639160156
    ],
    [
      266.5714416503906,
      150.85714721679688
    ],
    [
      270,
      150
    ],
    [
      271.0714416503906,
      155.35714721679688
    ],
    [
      287.1428527832031,
      171.42857360839844
    ],
    [
      274.28570556640625,
      171.42857360839844
    ],
    [
      282.8571472167969,
      214.2857208251953
    ]
  ],
  [
    [
      244.2857208251953,
      156.42857360839844
    ],
    [
      244.2857208251953,
      143.57142639160156
    ],
    [
      180.25210571289062,
      127.56302642822266
    ],
    [
      180,
      128.57142639160156
    ],
    [
      179.7142791748047,
      127.42857360839844
    ],
    [
      150,
      120
    ],
    [
      150,
      180
    ],
    [
      244.2857208251953,
      156.42857360839844
    ]
  ]
]
