[
  [
    [
      285.71429443359375,
      -14.285714149475098
    ],
    [
      -14.285714149475098,
      -14.285714149475098
    ],
    [
      -14.285714149475098,
      285.71429443359375
    ],
    [
      285.71429443359375,
      285.71429443359375
    ],
    [
      285.71429443359375,
      214.2857208251953
    ],
    [
      330,
      214.2857208251953
    ],
    [
      330,
      0
    ],
    [
      285.71429443359375,
      0
    ],
    [
      285.71429443359375,
      -14.285714149475098
    ]
  ],
  [
    [
      285.71429443359375,
      44.285701751708984
    ],
    [
      285.71429443359375,
      42.85714340209961
    ],
    [
      287.1428527832031,
      42.85714340209961
    ],
    [
      285.71429443359375,
      44.285701751708984
    ]
  ],
  [
    [
      285.71429443359375,
      171.42857360839844
    ],
    [
      285.71429443359375,
      170.00001525878906
    ],
    [
      287.1428527832031,
      171.42857360839844
    ],
    [
      285.71429443359375,
      171.42857360839844
    ]
  ]
]
