[
  [
    [
      115.71428680419922,
      115.71428680419922
    ],
    [
      115.71428680419922,
      62.5
    ],
    [
      162.5,
      62.5
    ],
    [
      163.6640167236328,
      63.22751235961914
    ],
    [
      180,
      128.57142639160156
    ],
    [
      191.9208526611328,
      80.88803100585938
    ],
    [
      222.5,
      100
    ],
    [
      187.5,
      187.5
    ],
    [
      115.71428680419922,
      115.71428680419922
    ]
  ],
  [
    [
      330,
      167.1875
    ],
    [
      222.5,
      100
    ],
    [
      237.5,
      62.5
    ],
    [
      255.8928680419922,
      62.5
    ],
    [
      244.2857208251953,
      85.71428680419922
    ],
    [
      267.5,
      62.5
    ],
    [
      330,
      62.5
    ],
    [
      330,
      167.1875
    ]
  ]
]
