[
  [
    [
      300,
      0
    ],
    [
      115.71428680419922,
      0
    ],
    [
      115.71428680419922,
      214.2857208251953
    ],
    [
      282.8571472167969,
      214.2857208251953
    ],
    [
      274.28570556640625,
      171.42857360839844
    ],
    [
      244.2857208251953,
      171.42857360839844
    ],
    [
      244.2857208251953,
      156.42857360839844
    ],
    [
      150,
      180
    ],
    [
      150,
      120
    ],
    [
      179.7142791748047,
      127.42857360839844
    ],
    [
      158.57142639160156,
      42.85714340209961
    ],
    [
      201.42857360839844,
      42.85714340209961
    ],
    [
      180.25210571289062,
      127.56302642822266
    ],
    [
      244.2857208251953,
      143.57142639160156
    ],
    [
      244.2857208251953,
      128.57142639160156
    ],
    [
      264.28570556640625,
      148.57142639160156
    ],
    [
      270,
      150
    ],
    [
      266.5714416503906,
      150.85714721679688
    ],
    [
      271.0714416503906,
      155.35714721679688
    ],
    [
      270,
      150
    ],
    [
      300,
      0
    ]
  ],
  [
    [
      72.85713958740234,
      0
    ],
    [
      30,
      0
    ],
    [
      51.42856979370117,
      42.85714340209961
    ],
    [
      72.85713958740234,
      0
    ]
  ],
  [
    [
      287.1428527832031,
      42.85714340209961
    ],
    [
      244.2857208251953,
      85.71428680419922
    ],
    [
      265.71429443359375,
      42.85714340209961
    ],
    [
      287.1428527832031,
      42.85714340209961
    ]
  ],
  [
    [
      64.28571319580078,
      85.71428680419922
    ],
    [
      34.28571319580078,
      85.71428680419922
    ],
    [
      42.85714340209961,
      107.14286041259766
    ],
    [
      64.28571319580078,
      85.71428680419922
    ]
  ]
]
