[
  [
    [
      51.42856979370117,
      42.85714340209961
    ],
    [
      72.85713958740234,
      0
    ],
    [
      30,
      0
    ],
    [
      51.42856979370117,
      42.85714340209961
    ]
  ],
  [
    [
      330,
      0
    ],
    [
      115.71428680419922,
      0
    ],
    [
      115.71428680419922,
      105.53571319580078
    ],
    [
      75,
      75
    ],
    [
      75,
      375
    ],
    [
      225,
      262.5
    ],
    [
      375,
      375
    ],
    [
      375,
      75
    ],
    [
      330,
      108.75
    ],
    [
      330,
      0
    ]
  ],
  [
    [
      260.71429443359375,
      214.2857208251953
    ],
    [
      275,
      225
    ],
    [
      225,
      262.5
    ],
    [
      175,
      225
    ],
    [
      189.28570556640625,
      214.2857208251953
    ],
    [
      260.71429443359375,
      214.2857208251953
    ]
  ],
  [
    [
      225,
      187.5
    ],
    [
      260.71429443359375,
      214.2857208251953
    ],
    [
      330,
      214.2857208251953
    ],
    [
      330,
      108.75
    ],
    [
      269.6938781738281,
      153.97959899902344
    ],
    [
      244.2857208251953,
      128.57142639160156
    ],
    [
      244.2857208251953,
      171.42857360839844
    ],
    [
      246.42857360839844,
      171.42857360839844
    ],
    [
      225,
      187.5
    ]
  ],
  [
    [
      246.42857360839844,
      171.42857360839844
    ],
    [
      287.1428527832031,
      171.42857360839844
    ],
    [
      269.6938781738281,
      153.97959899902344
    ],
    [
      246.42857360839844,
      171.42857360839844
    ]
  ],
  [
    [
      225,
      187.5
    ],
    [
      115.71428680419922,
      105.53571319580078
    ],
    [
      115.71428680419922,
      214.2857208251953
    ],
    [
      189.28570556640625,
      214.2857208251953
    ],
    [
      225,
      187.5
    ]
  ],
  [
    [
      287.1428527832031,
      42.85714340209961
    ],
    [
      244.2857208251953,
      85.71428680419922
    ],
    [
      265.71429443359375,
      42.85714340209961
    ],
    [
      287.1428527832031,
      42.85714340209961
    ]
  ],
  [
    [
      180,
      128.57142639160156
    ],
    [
      158.57142639160156,
      42.85714340209961
    ],
    [
      201.42857360839844,
      42.85714340209961
    ],
    [
      180,
      128.57142639160156
    ]
  ],
  [
    [
      64.28571319580078,
      85.71428680419922
    ],
    [
      34.28571319580078,
      85.71428680419922
    ],
    [
      42.85714340209961,
      107.14286041259766
    ],
    [
      64.28571319580078,
      85.71428680419922
    ]
  ]
]
