[
  [
    [
      60.357139587402344,
      25
    ],
    [
      72.85713958740234,
      0
    ],
    [
      30,
      0
    ],
    [
      42.5,
      25
    ],
    [
      60.357139587402344,
      25
    ]
  ],
  [
    [
      115.71428680419922,
      115.71428680419922
    ],
    [
      137.5,
      137.5
    ],
    [
      137.5,
      25
    ],
    [
      115.71428680419922,
      25
    ],
    [
      115.71428680419922,
      0
    ],
    [
      330,
      0
    ],
    [
      330,
      214.2857208251953
    ],
    [
      115.71428680419922,
      214.2857208251953
    ],
    [
      115.71428680419922,
      115.71428680419922
    ]
  ],
  [
    [
      162.5,
      58.571434020996094
    ],
    [
      162.5,
      212.5
    ],
    [
      325,
      212.5
    ],
    [
      325,
      25
    ],
    [
      162.5,
      25
    ],
    [
      162.5,
      42.85714340209961
    ],
    [
      158.57142639160156,
      42.85714340209961
    ],
    [
      162.5,
      58.571434020996094
    ]
  ],
  [
    [
      64.28571319580078,
      85.71428680419922
    ],
    [
      34.28571319580078,
      85.71428680419922
    ],
    [
      42.85714340209961,
      107.14286041259766
    ],
    [
      64.28571319580078,
      85.71428680419922
    ]
  ]
]
