[
  [
    [
      51.42856979370117,
      42.85714340209961
    ],
    [
      72.85713958740234,
      0
    ],
    [
      30,
      0
    ],
    [
      51.42856979370117,
      42.85714340209961
    ]
  ],
  [
    [
      330,
      0
    ],
    [
      115.71428680419922,
      0
    ],
    [
      115.71428680419922,
      62.5
    ],
    [
      62.5,
      62.5
    ],
    [
      115.71428680419922,
      115.71428680419922
    ],
    [
      115.71428680419922,
      214.2857208251953
    ],
    [
      330,
      214.2857208251953
    ],
    [
      330,
      167.1875
    ],
    [
      362.5,
      187.5
    ],
    [
      362.5,
      62.5
    ],
    [
      330,
      62.5
    ],
    [
      330,
      0
    ]
  ],
  [
    [
      267.5,
      62.5
    ],
    [
      287.1428527832031,
      42.85714340209961
    ],
    [
      265.71429443359375,
      42.85714340209961
    ],
    [
      255.8928680419922,
      62.5
    ],
    [
      267.5,
      62.5
    ]
  ],
  [
    [
      191.9208526611328,
      80.88803100585938
    ],
    [
      196.51785278320312,
      62.5
    ],
    [
      201.42857360839844,
      42.85714340209961
    ],
    [
      158.57142639160156,
      42.85714340209961
    ],
    [
      163.48214721679688,
      62.5
    ],
    [
      163.6640167236328,
      63.22751235961914
    ],
    [
      191.9208526611328,
      80.88803100585938
    ]
  ],
  [
    [
      64.28571319580078,
      85.71428680419922
    ],
    [
      34.28571319580078,
      85.71428680419922
    ],
    [
      42.85714340209961,
      107.14286041259766
    ],
    [
      64.28571319580078,
      85.71428680419922
    ]
  ],
  [
    [
      244.2857208251953,
      128.57142639160156
    ],
    [
      287.1428527832031,
      171.42857360839844
    ],
    [
      244.2857208251953,
      171.42857360839844
    ],
    [
      244.2857208251953,
      128.57142639160156
    ]
  ]
]
