[
  [
    [
      -150,
      150
    ],
    [
      -150,
      -150
    ],
    [
      150,
      -150
    ],
    [
      150,
      0
    ],
    [
      330,
      0
    ],
    [
      330,
      214.2857208251953
    ],
    [
      115.71428680419922,
      214.2857208251953
    ],
    [
      115.71428680419922,
      150
    ],
    [
      -150,
      150
    ]
  ],
  [
    [
      287.1428527832031,
      42.85714340209961
    ],
    [
      244.2857208251953,
      85.71428680419922
    ],
    [
      265.71429443359375,
      42.85714340209961
    ],
    [
      287.1428527832031,
      42.85714340209961
    ]
  ],
  [
    [
      180,
      128.57142639160156
    ],
    [
      158.57142639160156,
      42.85714340209961
    ],
    [
      201.42857360839844,
      42.85714340209961
    ],
    [
      180,
      128.57142639160156
    ]
  ],
  [
    [
      287.1428527832031,
      171.42857360839844
    ],
    [
      244.2857208251953,
      171.42857360839844
    ],
    [
      244.2857208251953,
      128.57142639160156
    ],
    [
      287.1428527832031,
      171.42857360839844
    ]
  ]
]
