[
  [
    [
      -150,
      150
    ],
    [
      -150,
      -150
    ],
    [
      150,
      -150
    ],
    [
      150,
      0
    ],
    [
      0,
      0
    ],
    [
      0,
      150
    ],
    [
      -150,
      150
    ]
  ],
  [
    [
      150,
      150
    ],
    [
      0,
      150
    ],
    [
      0,
      300
    ],
    [
      300,
      300
    ],
    [
      270,
      150
    ],
    [
      300,
      0
    ],
    [
      150,
      0
    ],
    [
      150,
      120
    ],
    [
      270,
      150
    ],
    [
      150,
      180
    ],
    [
      150,
      150
    ]
  ]
]
