[
  [
    [
      285.71429443359375,
      -14.285714149475098
    ],
    [
      -14.285714149475098,
      -14.285714149475098
    ],
    [
      -14.285714149475098,
      285.71429443359375
    ],
    [
      142.85714721679688,
      285.71429443359375
    ],
    [
      150,
      300
    ],
    [
      157.14285278320312,
      285.71429443359375
    ],
    [
      285.71429443359375,
      285.71429443359375
    ],
    [
      285.71429443359375,
      28.5714111328125
    ],
    [
      300,
      0
    ],
    [
      285.71429443359375,
      0
    ],
    [
      285.71429443359375,
      -14.285714149475098
    ]
  ]
]
