[
  [
    [
      135,
      120
    ],
    [
      75,
      75
    ],
    [
      75,
      120
    ],
    [
      60,
      120
    ],
    [
      60,
      420
    ],
    [
      180,
      420
    ],
    [
      180,
      296.25
    ],
    [
      225,
      262.5
    ],
    [
      375,
      375
    ],
    [
      375,
      75
    ],
    [
      225,
      187.5
    ],
    [
      180,
      153.75
    ],
    [
      180,
      120
    ],
    [
      135,
      120
    ]
  ],
  [
    [
      180,
      221.25
    ],
    [
      225,
      187.5
    ],
    [
      275,
      225
    ],
    [
      225,
      262.5
    ],
    [
      180,
      228.75
    ],
    [
      180,
      221.25
    ]
  ],
  [
    [
      180,
      221.25
    ],
    [
      175,
      225
    ],
    [
      180,
      228.75
    ],
    [
      180,
      296.25
    ],
    [
      75,
      375
    ],
    [
      75,
      120
    ],
    [
      135,
      120
    ],
    [
      180,
      153.75
    ],
    [
      180,
      221.25
    ]
  ]
]
