[
  [
    [
      157.14285278320312,
      285.71429443359375
    ],
    [
      142.85714721679688,
      285.71429443359375
    ],
    [
      0,
      0
    ],
    [
      285.71429443359375,
      0
    ],
    [
      285.71429443359375,
      28.5714111328125
    ],
    [
      157.14285278320312,
      285.71429443359375
    ]
  ],
  [
    [
      150,
      250
    ],
    [
      50,
      50
    ],
    [
      250,
      50
    ],
    [
      150,
      250
    ]
  ],
  [
    [
      150,
      200
    ],
    [
      200,
      100
    ],
    [
      100,
      100
    ],
    [
      150,
      200
    ]
  ]
]
