[
  [
    [
      285.71429443359375,
      -14.285714149475098
    ],
    [
      -14.285714149475098,
      -14.285714149475098
    ],
    [
      -14.285714149475098,
      285.71429443359375
    ],
    [
      104.76190185546875,
      285.71429443359375
    ],
    [
      150,
      150
    ],
    [
      195.23809814453125,
      285.71429443359375
    ],
    [
      285.71429443359375,
      285.71429443359375
    ],
    [
      285.71429443359375,
      195.23809814453125
    ],
    [
      150,
      150
    ],
    [
      285.71429443359375,
      104.76190185546875
    ],
    [
      285.71429443359375,
      -14.285714149475098
    ]
  ],
  [
    [
      150,
      150
    ],
    [
      0,
      200
    ],
    [
      0,
      100
    ],
    [
      150,
      150
    ]
  ],
  [
    [
      150,
      150
    ],
    [
      100,
      0
    ],
    [
      200,
      0
    ],
    [
      150,
      150
    ]
  ]
]
