[
  [
    [
      90,
      120
    ],
    [
      128.57142639160156,
      42.85714340209961
    ],
    [
      42.85714340209961,
      42.85714340209961
    ],
    [
      81.42857360839844,
      120
    ],
    [
      60,
      120
    ],
    [
      60,
      420
    ],
    [
      180,
      420
    ],
    [
      180,
      120
    ],
    [
      90,
      120
    ]
  ],
  [
    [
      300,
      128.57142639160156
    ],
    [
      342.8571472167969,
      42.85714340209961
    ],
    [
      257.1428527832031,
      42.85714340209961
    ],
    [
      300,
      128.57142639160156
    ]
  ]
]
