[
  [
    [
      285.71429443359375,
      -14.285714149475098
    ],
    [
      -14.285714149475098,
      -14.285714149475098
    ],
    [
      -14.285714149475098,
      285.71429443359375
    ],
    [
      60,
      285.71429443359375
    ],
    [
      60,
      420
    ],
    [
      180,
      420
    ],
    [
      180,
      285.71429443359375
    ],
    [
      285.71429443359375,
      285.71429443359375
    ],
    [
      285.71429443359375,
      -14.285714149475098
    ]
  ],
  [
    [
      180,
      285.71429443359375
    ],
    [
      180,
      120
    ],
    [
      60,
      120
    ],
    [
      60,
      285.71429443359375
    ],
    [
      180,
      285.71429443359375
    ]
  ]
]
