[
  [
    [
      194.047607421875,
      285.71429443359375
    ],
    [
      75,
      285.71429443359375
    ],
    [
      75,
      75
    ],
    [
      225,
      187.5
    ],
    [
      175,
      225
    ],
    [
      225,
      262.5
    ],
    [
      194.047607421875,
      285.71429443359375
    ]
  ],
  [
    [
      255.952392578125,
      285.71429443359375
    ],
    [
      225,
      262.5
    ],
    [
      275,
      225
    ],
    [
      225,
      187.5
    ],
    [
      285.71429443359375,
      141.9642791748047
    ],
    [
      285.71429443359375,
      285.71429443359375
    ],
    [
      255.952392578125,
      285.71429443359375
    ]
  ]
]
