[
  [
    [
      120,
      120
    ],
    [
      62.5,
      62.5
    ],
    [
      162.5,
      62.5
    ],
    [
      222.5,
      100
    ],
    [
      187.5,
      187.5
    ],
    [
      180,
      180
    ],
    [
      180,
      420
    ],
    [
      60,
      420
    ],
    [
      60,
      120
    ],
    [
      120,
      120
    ]
  ],
  [
    [
      237.5,
      62.5
    ],
    [
      222.5,
      100
    ],
    [
      362.5,
      187.5
    ],
    [
      362.5,
      62.5
    ],
    [
      237.5,
      62.5
    ]
  ]
]
