[
  [
    [
      285.71429443359375,
      0
    ],
    [
      115.71428680419922,
      0
    ],
    [
      115.71428680419922,
      214.2857208251953
    ],
    [
      285.71429443359375,
      214.2857208251953
    ],
    [
      285.71429443359375,
      171.42857360839844
    ],
    [
      244.2857208251953,
      171.42857360839844
    ],
    [
      244.2857208251953,
      128.57142639160156
    ],
    [
      285.71429443359375,
      170.00001525878906
    ],
    [
      285.71429443359375,
      44.285701751708984
    ],
    [
      244.2857208251953,
      85.71428680419922
    ],
    [
      265.71429443359375,
      42.85714340209961
    ],
    [
      285.71429443359375,
      42.85714340209961
    ],
    [
      285.71429443359375,
      0
    ]
  ],
  [
    [
      51.42856979370117,
      42.85714340209961
    ],
    [
      72.85713958740234,
      0
    ],
    [
      30,
      0
    ],
    [
      51.42856979370117,
      42.85714340209961
    ]
  ],
  [
    [
      64.28571319580078,
      85.71428680419922
    ],
    [
      34.28571319580078,
      85.71428680419922
    ],
    [
      42.85714340209961,
      107.14286041259766
    ],
    [
      64.28571319580078,
      85.71428680419922
    ]
  ],
  [
    [
      180,
      128.57142639160156
    ],
    [
      158.57142639160156,
      42.85714340209961
    ],
    [
      201.42857360839844,
      42.85714340209961
    ],
    [
      180,
      128.57142639160156
    ]
  ]
]
