[
  [
    [
      285.71429443359375,
      -14.285714149475098
    ],
    [
      -14.285714149475098,
      -14.285714149475098
    ],
    [
      -14.285714149475098,
      285.71429443359375
    ],
    [
      285.71429443359375,
      285.71429443359375
    ],
    [
      285.71429443359375,
      139.50894165039062
    ],
    [
      222.5,
      100
    ],
    [
      237.5,
      62.5
    ],
    [
      285.71429443359375,
      62.5
    ],
    [
      285.71429443359375,
      -14.285714149475098
    ]
  ],
  [
    [
      162.5,
      62.5
    ],
    [
      222.5,
      100
    ],
    [
      187.5,
      187.5
    ],
    [
      62.5,
      62.5
    ],
    [
      162.5,
      62.5
    ]
  ]
]
