[
  [
    [
      115.71428680419922,
      120
    ],
    [
      60,
      120
    ],
    [
      60,
      420
    ],
    [
      180,
      420
    ],
    [
      180,
      214.2857208251953
    ],
    [
      115.71428680419922,
      214.2857208251953
    ],
    [
      115.71428680419922,
      120
    ]
  ],
  [
    [
      177.85714721679688,
      120
    ],
    [
      180,
      120
    ],
    [
      180,
      128.57142639160156
    ],
    [
      177.85714721679688,
      120
    ]
  ]
]
