[
  [
    [
      140,
      120
    ],
    [
      60,
      120
    ],
    [
      150,
      150
    ],
    [
      60,
      180
    ],
    [
      60,
      420
    ],
    [
      180,
      420
    ],
    [
      180,
      300
    ],
    [
      100,
      300
    ],
    [
      150,
      150
    ],
    [
      180,
      240
    ],
    [
      180,
      160
    ],
    [
      150,
      150
    ],
    [
      180,
      140
    ],
    [
      180,
      120
    ],
    [
      160,
      120
    ],
    [
      150,
      150
    ],
    [
      140,
      120
    ]
  ]
]
