[
  [
    [
      300,
      0
    ],
    [
      0,
      0
    ],
    [
      0,
      300
    ],
    [
      300,
      300
    ],
    [
      300,
      128.57142639160156
    ],
    [
      342.8571472167969,
      42.85714340209961
    ],
    [
      300,
      42.85714340209961
    ],
    [
      300,
      0
    ]
  ],
  [
    [
      300,
      42.85714340209961
    ],
    [
      257.1428527832031,
      42.85714340209961
    ],
    [
      300,
      128.57142639160156
    ],
    [
      300,
      42.85714340209961
    ]
  ],
  [
    [
      85.71428680419922,
      128.57142639160156
    ],
    [
      128.57142639160156,
      42.85714340209961
    ],
    [
      42.85714340209961,
      42.85714340209961
    ],
    [
      85.71428680419922,
      128.57142639160156
    ]
  ]
]
