[
  [
    [
      285.71429443359375,
      -14.285714149475098
    ],
    [
      -14.285714149475098,
      -14.285714149475098
    ],
    [
      -14.285714149475098,
      285.71429443359375
    ],
    [
      187.5,
      285.71429443359375
    ],
    [
      187.5,
      300
    ],
    [
      225,
      300
    ],
    [
      225,
      285.71429443359375
    ],
    [
      285.71429443359375,
      285.71429443359375
    ],
    [
      285.71429443359375,
      -14.285714149475098
    ]
  ],
  [
    [
      225,
      225
    ],
    [
      225,
      285.71429443359375
    ],
    [
      187.5,
      285.71429443359375
    ],
    [
      187.5,
      187.5
    ],
    [
      225,
      225
    ]
  ],
  [
    [
      225,
      75
    ],
    [
      262.5,
      37.5
    ],
    [
      262.5,
      262.5
    ],
    [
      225,
      225
    ],
    [
      225,
      75
    ]
  ],
  [
    [
      187.5,
      112.5
    ],
    [
      187.5,
      0
    ],
    [
      225,
      0
    ],
    [
      225,
      75
    ],
    [
      187.5,
      112.5
    ]
  ],
  [
    [
      150,
      150
    ],
    [
      187.5,
      187.5
    ],
    [
      187.5,
      112.5
    ],
    [
      150,
      150
    ]
  ],
  [
    [
      150,
      150
    ],
    [
      37.5,
      37.5
    ],
    [
      37.5,
      262.5
    ],
    [
      150,
      150
    ]
  ]
]
