[
  [
    [
      285.71429443359375,
      -14.285714149475098
    ],
    [
      -14.285714149475098,
      -14.285714149475098
    ],
    [
      -14.285714149475098,
      285.71429443359375
    ],
    [
      285.71429443359375,
      285.71429443359375
    ],
    [
      285.71429443359375,
      100.00001525878906
    ],
    [
      257.1428527832031,
      42.85714340209961
    ],
    [
      285.71429443359375,
      42.85714340209961
    ],
    [
      285.71429443359375,
      -14.285714149475098
    ]
  ],
  [
    [
      85.71428680419922,
      128.57142639160156
    ],
    [
      128.57142639160156,
      42.85714340209961
    ],
    [
      42.85714340209961,
      42.85714340209961
    ],
    [
      85.71428680419922,
      128.57142639160156
    ]
  ]
]
