[
  [
    [
      285.71429443359375,
      -14.285714149475098
    ],
    [
      -14.285714149475098,
      -14.285714149475098
    ],
    [
      -14.285714149475098,
      285.71429443359375
    ],
    [
      5.329070518200751e-15,
      285.71429443359375
    ],
    [
      0,
      300
    ],
    [
      300,
      300
    ],
    [
      285.71429443359375,
      228.57147216796875
    ],
    [
      285.71429443359375,
      71.42852783203125
    ],
    [
      300,
      0
    ],
    [
      285.71429443359375,
      0
    ],
    [
      285.71429443359375,
      -14.285714149475098
    ]
  ],
  [
    [
      270,
      150
    ],
    [
      285.71429443359375,
      71.42852783203125
    ],
    [
      285.71429443359375,
      0
    ],
    [
      0,
      0
    ],
    [
      0,
      285.71429443359375
    ],
    [
      285.71429443359375,
      285.71429443359375
    ],
    [
      285.71429443359375,
      228.57147216796875
    ],
    [
      270,
      150
    ]
  ],
  [
    [
      270,
      150
    ],
    [
      150,
      180
    ],
    [
      150,
      120
    ],
    [
      270,
      150
    ]
  ]
]
