[
  [
    [
      285.71429443359375,
      -14.285714149475098
    ],
    [
      -14.285714149475098,
      -14.285714149475098
    ],
    [
      -14.285714149475098,
      285.71429443359375
    ],
    [
      285.71429443359375,
      285.71429443359375
    ],
    [
      285.71429443359375,
      212.5
    ],
    [
      162.5,
      212.5
    ],
    [
      162.5,
      25
    ],
    [
      285.71429443359375,
      25
    ],
    [
      285.71429443359375,
      -14.285714149475098
    ]
  ],
  [
    [
      137.5,
      137.5
    ],
    [
      137.5,
      25
    ],
    [
      25,
      25
    ],
    [
      137.5,
      137.5
    ]
  ]
]
