[
  [
    [
      285.71429443359375,
      -14.285714149475098
    ],
    [
      -14.285714149475098,
      -14.285714149475098
    ],
    [
      -14.285714149475098,
      285.71429443359375
    ],
    [
      5.329070518200751e-15,
      285.71429443359375
    ],
    [
      0,
      300
    ],
    [
      150,
      300
    ],
    [
      150,
      285.71429443359375
    ],
    [
      285.71429443359375,
      285.71429443359375
    ],
    [
      285.71429443359375,
      -14.285714149475098
    ]
  ]
]
