[
  [
    [
      180,
      240
    ],
    [
      300,
      0
    ],
    [
      0,
      0
    ],
    [
      60,
      120
    ],
    [
      60,
      420
    ],
    [
      180,
      420
    ],
    [
      180,
      240
    ]
  ],
  [
    [
      180,
      180
    ],
    [
      180,
      240
    ],
    [
      150,
      300
    ],
    [
      60,
      120
    ],
    [
      90,
      120
    ],
    [
      150,
      240
    ],
    [
      180,
      180
    ]
  ],
  [
    [
      180,
      180
    ],
    [
      180,
      120
    ],
    [
      90,
      120
    ],
    [
      60,
      60
    ],
    [
      240,
      60
    ],
    [
      180,
      180
    ]
  ]
]
