[
  [
    [
      -27.683616638183594,
      -150
    ],
    [
      0.3531073331832886,
      -150
    ],
    [
      0.3531073331832886,
      150
    ],
    [
      -27.683616638183594,
      150
    ],
    [
      -27.683616638183594,
      -150
    ]
  ],
  [
    [
      225,
      0
    ],
    [
      187.5,
      0
    ],
    [
      187.5,
      112.5
    ],
    [
      150,
      150
    ],
    [
      37.5,
      37.5
    ],
    [
      37.5,
      262.5
    ],
    [
      150,
      150
    ],
    [
      187.5,
      187.5
    ],
    [
      187.5,
      300
    ],
    [
      225,
      300
    ],
    [
      225,
      225
    ],
    [
      262.5,
      262.5
    ],
    [
      262.5,
      37.5
    ],
    [
      225,
      75
    ],
    [
      225,
      0
    ]
  ],
  [
    [
      225,
      75
    ],
    [
      187.5,
      112.5
    ],
    [
      187.5,
      187.5
    ],
    [
      225,
      225
    ],
    [
      225,
      75
    ]
  ]
]
