[
  [
    [
      -27.683616638183594,
      -150
    ],
    [
      0.3531073331832886,
      -150
    ],
    [
      0.3531073331832886,
      150
    ],
    [
      -27.683616638183594,
      150
    ],
    [
      -27.683616638183594,
      -150
    ]
  ],
  [
    [
      137.5,
      137.5
    ],
    [
      137.5,
      25
    ],
    [
      25,
      25
    ],
    [
      137.5,
      137.5
    ]
  ],
  [
    [
      162.5,
      25
    ],
    [
      162.5,
      212.5
    ],
    [
      325,
      212.5
    ],
    [
      325,
      25
    ],
    [
      162.5,
      25
    ]
  ]
]
