[
  [
    [
      -27.683616638183594,
      -150
    ],
    [
      0.3531073331832886,
      -150
    ],
    [
      0.3531073331832886,
      100.1176986694336
    ],
    [
      150,
      150
    ],
    [
      0,
      200
    ],
    [
      0,
      150
    ],
    [
      -27.683616638183594,
      150
    ],
    [
      -27.683616638183594,
      -150
    ]
  ],
  [
    [
      150,
      150
    ],
    [
      100,
      0
    ],
    [
      200,
      0
    ],
    [
      150,
      150
    ]
  ],
  [
    [
      150,
      150
    ],
    [
      300,
      200
    ],
    [
      300,
      100
    ],
    [
      150,
      150
    ]
  ],
  [
    [
      150,
      150
    ],
    [
      100,
      300
    ],
    [
      200,
      300
    ],
    [
      150,
      150
    ]
  ]
]
