[
  [
    [
      300,
      0
    ],
    [
      0,
      0
    ],
    [
      0,
      300
    ],
    [
      300,
      300
    ],
    [
      288,
      240
    ],
    [
      0,
      240
    ],
    [
      150,
      30
    ],
    [
      228.2608642578125,
      139.56521606445312
    ],
    [
      270,
      150
    ],
    [
      240.90908813476562,
      157.27272033691406
    ],
    [
      283.3333435058594,
      216.6666717529297
    ],
    [
      270,
      150
    ],
    [
      300,
      0
    ]
  ]
]
