[
  [
    [
      100,
      0
    ],
    [
      0,
      0
    ],
    [
      0,
      100
    ],
    [
      150,
      150
    ],
    [
      0,
      200
    ],
    [
      0,
      300
    ],
    [
      100,
      300
    ],
    [
      150,
      150
    ],
    [
      150,
      180
    ],
    [
      159.23077392578125,
      177.6923065185547
    ],
    [
      200,
      300
    ],
    [
      300,
      300
    ],
    [
      278.5714416503906,
      192.85714721679688
    ],
    [
      300,
      200
    ],
    [
      300,
      100
    ],
    [
      278.5714416503906,
      107.14286041259766
    ],
    [
      300,
      0
    ],
    [
      200,
      0
    ],
    [
      159.23077392578125,
      122.30769348144531
    ],
    [
      150,
      120
    ],
    [
      150,
      150
    ],
    [
      100,
      0
    ]
  ],
  [
    [
      201.42857360839844,
      132.85714721679688
    ],
    [
      278.5714416503906,
      107.14286041259766
    ],
    [
      270,
      150
    ],
    [
      201.42857360839844,
      132.85714721679688
    ]
  ],
  [
    [
      201.42857360839844,
      132.85714721679688
    ],
    [
      150,
      150
    ],
    [
      159.23077392578125,
      122.30769348144531
    ],
    [
      201.42857360839844,
      132.85714721679688
    ]
  ],
  [
    [
      270,
      150
    ],
    [
      278.5714416503906,
      192.85714721679688
    ],
    [
      201.42857360839844,
      167.14285278320312
    ],
    [
      270,
      150
    ]
  ],
  [
    [
      201.42857360839844,
      167.14285278320312
    ],
    [
      150,
      150
    ],
    [
      159.23077392578125,
      177.6923065185547
    ],
    [
      201.42857360839844,
      167.14285278320312
    ]
  ]
]
