[
  [
    [
      270,
      150
    ],
    [
      300,
      0
    ],
    [
      0,
      0
    ],
    [
      0,
      300
    ],
    [
      300,
      300
    ],
    [
      270,
      150
    ]
  ],
  [
    [
      218.57142639160156,
      162.85714721679688
    ],
    [
      270,
      150
    ],
    [
      230,
      140
    ],
    [
      218.57142639160156,
      162.85714721679688
    ]
  ],
  [
    [
      207.77777099609375,
      134.44444274902344
    ],
    [
      185.55555725097656,
      128.88888549804688
    ],
    [
      161.42857360839844,
      177.14285278320312
    ],
    [
      190,
      170
    ],
    [
      207.77777099609375,
      134.44444274902344
    ]
  ]
]
