[
  [
    [
      187.5,
      0
    ],
    [
      0,
      0
    ],
    [
      0,
      300
    ],
    [
      187.5,
      300
    ],
    [
      187.5,
      187.5
    ],
    [
      225,
      225
    ],
    [
      225,
      300
    ],
    [
      300,
      300
    ],
    [
      270,
      150
    ],
    [
      300,
      0
    ],
    [
      225,
      0
    ],
    [
      225,
      75
    ],
    [
      187.5,
      112.5
    ],
    [
      187.5,
      0
    ]
  ],
  [
    [
      187.5,
      129.375
    ],
    [
      187.5,
      112.5
    ],
    [
      174,
      126
    ],
    [
      150,
      120
    ],
    [
      150,
      150
    ],
    [
      37.5,
      37.5
    ],
    [
      37.5,
      262.5
    ],
    [
      150,
      150
    ],
    [
      150,
      180
    ],
    [
      174,
      174
    ],
    [
      187.5,
      187.5
    ],
    [
      187.5,
      170.625
    ],
    [
      225,
      161.25
    ],
    [
      225,
      225
    ],
    [
      262.5,
      262.5
    ],
    [
      262.5,
      151.875
    ],
    [
      270,
      150
    ],
    [
      262.5,
      148.125
    ],
    [
      262.5,
      37.5
    ],
    [
      225,
      75
    ],
    [
      225,
      138.75
    ],
    [
      187.5,
      129.375
    ]
  ]
]
