[
  [
    [
      300,
      0
    ],
    [
      0,
      0
    ],
    [
      0,
      300
    ],
    [
      150,
      300
    ],
    [
      255,
      405
    ],
    [
      405,
      255
    ],
    [
      291,
      255
    ],
    [
      270,
      150
    ],
    [
      300,
      0
    ]
  ],
  [
    [
      270,
      150
    ],
    [
      150,
      180
    ],
    [
      150,
      120
    ],
    [
      270,
      150
    ]
  ],
  [
    [
      291,
      255
    ],
    [
      105,
      255
    ],
    [
      150,
      300
    ],
    [
      300,
      300
    ],
    [
      291,
      255
    ]
  ]
]
