[
  [
    [
      285.71429443359375,
      228.57147216796875
    ],
    [
      285.71429443359375,
      285.71429443359375
    ],
    [
      5.329070518200751e-15,
      285.71429443359375
    ],
    [
      0,
      0
    ],
    [
      285.71429443359375,
      0
    ],
    [
      285.71429443359375,
      71.42852783203125
    ],
    [
      270,
      150
    ],
    [
      150,
      120
    ],
    [
      150,
      180
    ],
    [
      270,
      150
    ],
    [
      285.71429443359375,
      228.57147216796875
    ]
  ]
]
