[
  [
    [
      270,
      150
    ],
    [
      300,
      0
    ],
    [
      230,
      140
    ],
    [
      270,
      150
    ]
  ],
  [
    [
      150,
      300
    ],
    [
      0,
      300
    ],
    [
      0,
      0
    ],
    [
      150,
      300
    ]
  ],
  [
    [
      150,
      300
    ],
    [
      218.57142639160156,
      162.85714721679688
    ],
    [
      270,
      150
    ],
    [
      300,
      300
    ],
    [
      150,
      300
    ]
  ],
  [
    [
      184.2857208251953,
      171.42857360839844
    ],
    [
      150,
      240
    ],
    [
      60,
      60
    ],
    [
      240,
      60
    ],
    [
      203.3333282470703,
      133.3333282470703
    ],
    [
      150,
      120
    ],
    [
      150,
      180
    ],
    [
      184.2857208251953,
      171.42857360839844
    ]
  ]
]
