[
  [
    [
      300,
      0
    ],
    [
      0,
      0
    ],
    [
      0,
      300
    ],
    [
      300,
      300
    ],
    [
      270,
      150
    ],
    [
      281.6326599121094,
      91.83673858642578
    ],
    [
      257.1428527832031,
      42.85714340209961
    ],
    [
      291.4285583496094,
      42.85714340209961
    ],
    [
      300,
      0
    ]
  ],
  [
    [
      270,
      150
    ],
    [
      150,
      180
    ],
    [
      150,
      120
    ],
    [
      270,
      150
    ]
  ],
  [
    [
      85.71428680419922,
      128.57142639160156
    ],
    [
      128.57142639160156,
      42.85714340209961
    ],
    [
      42.85714340209961,
      42.85714340209961
    ],
    [
      85.71428680419922,
      128.57142639160156
    ]
  ]
]
