[
  [
    [
      160.7142791748047,
      310.71429443359375
    ],
    [
      255,
      405
    ],
    [
      323.5714416503906,
      336.4285583496094
    ],
    [
      225,
      262.5
    ],
    [
      235,
      255
    ],
    [
      215,
      255
    ],
    [
      225,
      262.5
    ],
    [
      160.7142791748047,
      310.71429443359375
    ]
  ],
  [
    [
      375,
      255
    ],
    [
      375,
      285
    ],
    [
      405,
      255
    ],
    [
      375,
      255
    ]
  ]
]
