[
  [
    [
      230,
      140
    ],
    [
      300,
      0
    ],
    [
      270,
      150
    ],
    [
      230,
      140
    ]
  ],
  [
    [
      218.57142639160156,
      162.85714721679688
    ],
    [
      270,
      150
    ],
    [
      300,
      300
    ],
    [
      150,
      300
    ],
    [
      218.57142639160156,
      162.85714721679688
    ]
  ],
  [
    [
      218.57142639160156,
      162.85714721679688
    ],
    [
      150,
      180
    ],
    [
      150,
      120
    ],
    [
      230,
      140
    ],
    [
      218.57142639160156,
      162.85714721679688
    ]
  ],
  [
    [
      150,
      300
    ],
    [
      0,
      300
    ],
    [
      0,
      0
    ],
    [
      150,
      300
    ]
  ]
]
