[
  [
    [
      268.75,
      62.5
    ],
    [
      300,
      0
    ],
    [
      0,
      0
    ],
    [
      150,
      300
    ],
    [
      243.45237731933594,
      113.0952377319336
    ],
    [
      222.5,
      100
    ],
    [
      237.5,
      62.5
    ],
    [
      268.75,
      62.5
    ]
  ],
  [
    [
      162.5,
      62.5
    ],
    [
      222.5,
      100
    ],
    [
      187.5,
      187.5
    ],
    [
      62.5,
      62.5
    ],
    [
      162.5,
      62.5
    ]
  ]
]
