[
  [
    [
      100,
      0
    ],
    [
      0,
      0
    ],
    [
      60,
      120
    ],
    [
      0,
      100
    ],
    [
      0,
      200
    ],
    [
      85.71428680419922,
      171.42857360839844
    ],
    [
      120,
      240
    ],
    [
      100,
      300
    ],
    [
      200,
      300
    ],
    [
      180,
      240
    ],
    [
      214.2857208251953,
      171.42857360839844
    ],
    [
      300,
      200
    ],
    [
      300,
      100
    ],
    [
      240,
      120
    ],
    [
      300,
      0
    ],
    [
      200,
      0
    ],
    [
      150,
      150
    ],
    [
      100,
      0
    ]
  ],
  [
    [
      150,
      150
    ],
    [
      214.2857208251953,
      171.42857360839844
    ],
    [
      240,
      120
    ],
    [
      150,
      150
    ]
  ],
  [
    [
      150,
      150
    ],
    [
      180,
      240
    ],
    [
      150,
      300
    ],
    [
      120,
      240
    ],
    [
      150,
      150
    ]
  ],
  [
    [
      150,
      150
    ],
    [
      85.71428680419922,
      171.42857360839844
    ],
    [
      60,
      120
    ],
    [
      150,
      150
    ]
  ]
]
