[
  [
    [
      229.41175842285156,
      141.1764678955078
    ],
    [
      300,
      0
    ],
    [
      0,
      0
    ],
    [
      70.5882339477539,
      141.1764678955078
    ],
    [
      0,
      240
    ],
    [
      120,
      240
    ],
    [
      150,
      300
    ],
    [
      180,
      240
    ],
    [
      300,
      240
    ],
    [
      229.41175842285156,
      141.1764678955078
    ]
  ],
  [
    [
      229.41175842285156,
      141.1764678955078
    ],
    [
      150,
      30
    ],
    [
      70.5882339477539,
      141.1764678955078
    ],
    [
      120,
      240
    ],
    [
      180,
      240
    ],
    [
      229.41175842285156,
      141.1764678955078
    ]
  ]
]
