[
  [
    [
      51.42856979370117,
      42.85714340209961
    ],
    [
      72.85713958740234,
      0
    ],
    [
      30,
      0
    ],
    [
      51.42856979370117,
      42.85714340209961
    ]
  ],
  [
    [
      330,
      0
    ],
    [
      115.71428680419922,
      0
    ],
    [
      115.71428680419922,
      78
    ],
    [
      0,
      240
    ],
    [
      300,
      240
    ],
    [
      281.6326599121094,
      214.2857208251953
    ],
    [
      330,
      214.2857208251953
    ],
    [
      330,
      0
    ]
  ],
  [
    [
      251.02041625976562,
      171.42857360839844
    ],
    [
      281.6326599121094,
      214.2857208251953
    ],
    [
      115.71428680419922,
      214.2857208251953
    ],
    [
      115.71428680419922,
      78
    ],
    [
      150,
      30
    ],
    [
      159.1836700439453,
      42.85714340209961
    ],
    [
      158.57142639160156,
      42.85714340209961
    ],
    [
      180,
      128.57142639160156
    ],
    [
      190.4761962890625,
      86.66666412353516
    ],
    [
      244.2857208251953,
      162.00001525878906
    ],
    [
      244.2857208251953,
      171.42857360839844
    ],
    [
      251.02041625976562,
      171.42857360839844
    ]
  ],
  [
    [
      251.02041625976562,
      171.42857360839844
    ],
    [
      244.2857208251953,
      162.00001525878906
    ],
    [
      244.2857208251953,
      128.57142639160156
    ],
    [
      287.1428527832031,
      171.42857360839844
    ],
    [
      251.02041625976562,
      171.42857360839844
    ]
  ],
  [
    [
      190.4761962890625,
      86.66666412353516
    ],
    [
      201.42857360839844,
      42.85714340209961
    ],
    [
      159.1836700439453,
      42.85714340209961
    ],
    [
      190.4761962890625,
      86.66666412353516
    ]
  ],
  [
    [
      287.1428527832031,
      42.85714340209961
    ],
    [
      244.2857208251953,
      85.71428680419922
    ],
    [
      265.71429443359375,
      42.85714340209961
    ],
    [
      287.1428527832031,
      42.85714340209961
    ]
  ],
  [
    [
      64.28571319580078,
      85.71428680419922
    ],
    [
      34.28571319580078,
      85.71428680419922
    ],
    [
      42.85714340209961,
      107.14286041259766
    ],
    [
      64.28571319580078,
      85.71428680419922
    ]
  ]
]
