[
  [
    [
      225,
      0
    ],
    [
      75,
      0
    ],
    [
      75,
      135
    ],
    [
      0,
      240
    ],
    [
      75,
      240
    ],
    [
      75,
      300
    ],
    [
      225,
      300
    ],
    [
      225,
      240
    ],
    [
      300,
      240
    ],
    [
      225,
      135
    ],
    [
      225,
      0
    ]
  ],
  [
    [
      225,
      135
    ],
    [
      150,
      30
    ],
    [
      75,
      135
    ],
    [
      75,
      240
    ],
    [
      225,
      240
    ],
    [
      225,
      135
    ]
  ]
]
