[
  [
    [
      150,
      30
    ],
    [
      300,
      240
    ],
    [
      0,
      240
    ],
    [
      83.19327545166016,
      123.52941131591797
    ],
    [
      42.85714340209961,
      42.85714340209961
    ],
    [
      128.57142639160156,
      42.85714340209961
    ],
    [
      100,
      100
    ],
    [
      150,
      30
    ]
  ],
  [
    [
      300,
      128.57142639160156
    ],
    [
      342.8571472167969,
      42.85714340209961
    ],
    [
      257.1428527832031,
      42.85714340209961
    ],
    [
      300,
      128.57142639160156
    ]
  ]
]
