[
  [
    [
      281.6326599121094,
      214.2857208251953
    ],
    [
      115.71428680419922,
      214.2857208251953
    ],
    [
      115.71428680419922,
      78
    ],
    [
      150,
      30
    ],
    [
      159.1836700439453,
      42.85714340209961
    ],
    [
      158.57142639160156,
      42.85714340209961
    ],
    [
      180,
      128.57142639160156
    ],
    [
      190.4761962890625,
      86.66666412353516
    ],
    [
      244.2857208251953,
      162.00001525878906
    ],
    [
      244.2857208251953,
      171.42857360839844
    ],
    [
      251.02041625976562,
      171.42857360839844
    ],
    [
      281.6326599121094,
      214.2857208251953
    ]
  ]
]
