[
  [
    [
      70.5882339477539,
      141.1764678955078
    ],
    [
      0,
      240
    ],
    [
      120,
      240
    ],
    [
      70.5882339477539,
      141.1764678955078
    ]
  ],
  [
    [
      155,
      240
    ],
    [
      145,
      240
    ],
    [
      85.29412078857422,
      120.5882339477539
    ],
    [
      100,
      100
    ],
    [
      150,
      200
    ],
    [
      200,
      100
    ],
    [
      214.7058868408203,
      120.5882339477539
    ],
    [
      155,
      240
    ]
  ],
  [
    [
      180,
      240
    ],
    [
      300,
      240
    ],
    [
      229.41175842285156,
      141.1764678955078
    ],
    [
      180,
      240
    ]
  ],
  [
    [
      164.2857208251953,
      50
    ],
    [
      200,
      100
    ],
    [
      100,
      100
    ],
    [
      135.7142791748047,
      50
    ],
    [
      164.2857208251953,
      50
    ]
  ]
]
