[
  [
    [
      285.71429443359375,
      -14.285714149475098
    ],
    [
      -14.285714149475098,
      -14.285714149475098
    ],
    [
      -14.285714149475098,
      285.71429443359375
    ],
    [
      285.71429443359375,
      285.71429443359375
    ],
    [
      285.71429443359375,
      240
    ],
    [
      300,
      240
    ],
    [
      285.71429443359375,
      220.00001525878906
    ],
    [
      285.71429443359375,
      -14.285714149475098
    ]
  ],
  [
    [
      285.71429443359375,
      220.00001525878906
    ],
    [
      150,
      30
    ],
    [
      0,
      240
    ],
    [
      285.71429443359375,
      240
    ],
    [
      285.71429443359375,
      220.00001525878906
    ]
  ]
]
