[
  [
    [
      272.5,
      0
    ],
    [
      285,
      -15
    ],
    [
      -15,
      -15
    ],
    [
      115.71428680419922,
      141.85714721679688
    ],
    [
      115.71428680419922,
      0
    ],
    [
      272.5,
      0
    ]
  ],
  [
    [
      186.2755126953125,
      103.46939086914062
    ],
    [
      201.42857360839844,
      42.85714340209961
    ],
    [
      158.57142639160156,
      42.85714340209961
    ],
    [
      176.62088012695312,
      115.05494689941406
    ],
    [
      186.2755126953125,
      103.46939086914062
    ]
  ],
  [
    [
      51.42856979370117,
      42.85714340209961
    ],
    [
      72.85713958740234,
      0
    ],
    [
      30,
      0
    ],
    [
      51.42856979370117,
      42.85714340209961
    ]
  ]
]
