[
  [
    [
      272.5,
      0
    ],
    [
      285,
      -15
    ],
    [
      -15,
      -15
    ],
    [
      3.75,
      7.5
    ],
    [
      150,
      300
    ],
    [
      300,
      0
    ],
    [
      272.5,
      0
    ]
  ],
  [
    [
      222.5,
      60
    ],
    [
      272.5,
      0
    ],
    [
      0,
      0
    ],
    [
      3.75,
      7.5
    ],
    [
      78.75,
      97.5
    ],
    [
      150,
      240
    ],
    [
      240,
      60
    ],
    [
      222.5,
      60
    ]
  ],
  [
    [
      222.5,
      60
    ],
    [
      135,
      165
    ],
    [
      78.75,
      97.5
    ],
    [
      60,
      60
    ],
    [
      222.5,
      60
    ]
  ]
]
