[
  [
    [
      151.6666717529297,
      145
    ],
    [
      285,
      -15
    ],
    [
      -15,
      -15
    ],
    [
      111.92308044433594,
      137.3076934814453
    ],
    [
      0,
      100
    ],
    [
      0,
      200
    ],
    [
      128.47825622558594,
      157.17391967773438
    ],
    [
      135,
      165
    ],
    [
      146.53846740722656,
      151.15383911132812
    ],
    [
      150,
      150
    ],
    [
      100,
      300
    ],
    [
      200,
      300
    ],
    [
      150,
      150
    ],
    [
      300,
      200
    ],
    [
      300,
      100
    ],
    [
      150,
      150
    ],
    [
      151.6666717529297,
      145
    ]
  ],
  [
    [
      149.2857208251953,
      147.85714721679688
    ],
    [
      100,
      0
    ],
    [
      200,
      0
    ],
    [
      151.6666717529297,
      145
    ],
    [
      149.2857208251953,
      147.85714721679688
    ]
  ],
  [
    [
      149.2857208251953,
      147.85714721679688
    ],
    [
      150,
      150
    ],
    [
      148.04347229003906,
      149.3478240966797
    ],
    [
      149.2857208251953,
      147.85714721679688
    ]
  ],
  [
    [
      148.04347229003906,
      149.3478240966797
    ],
    [
      111.92308044433594,
      137.3076934814453
    ],
    [
      128.47825622558594,
      157.17391967773438
    ],
    [
      146.53846740722656,
      151.15383911132812
    ],
    [
      148.04347229003906,
      149.3478240966797
    ]
  ]
]
