[
  [
    [
      225,
      57
    ],
    [
      285,
      -15
    ],
    [
      -15,
      -15
    ],
    [
      37.5,
      48
    ],
    [
      37.5,
      262.5
    ],
    [
      150,
      150
    ],
    [
      187.5,
      187.5
    ],
    [
      187.5,
      300
    ],
    [
      225,
      300
    ],
    [
      225,
      225
    ],
    [
      262.5,
      262.5
    ],
    [
      262.5,
      37.5
    ],
    [
      225,
      75
    ],
    [
      225,
      57
    ]
  ],
  [
    [
      187.5,
      102
    ],
    [
      187.5,
      0
    ],
    [
      225,
      0
    ],
    [
      225,
      57
    ],
    [
      187.5,
      102
    ]
  ],
  [
    [
      187.5,
      102
    ],
    [
      187.5,
      112.5
    ],
    [
      150,
      150
    ],
    [
      148.63636779785156,
      148.63636779785156
    ],
    [
      187.5,
      102
    ]
  ],
  [
    [
      225,
      75
    ],
    [
      187.5,
      112.5
    ],
    [
      187.5,
      187.5
    ],
    [
      225,
      225
    ],
    [
      225,
      75
    ]
  ],
  [
    [
      148.63636779785156,
      148.63636779785156
    ],
    [
      37.5,
      37.5
    ],
    [
      37.5,
      48
    ],
    [
      135,
      165
    ],
    [
      148.63636779785156,
      148.63636779785156
    ]
  ]
]
