[
  [
    [
      272.5,
      0
    ],
    [
      285,
      -15
    ],
    [
      -15,
      -15
    ],
    [
      0,
      3
    ],
    [
      0,
      300
    ],
    [
      300,
      300
    ],
    [
      270,
      150
    ],
    [
      300,
      0
    ],
    [
      272.5,
      0
    ]
  ],
  [
    [
      168.62069702148438,
      124.6551742553711
    ],
    [
      270,
      150
    ],
    [
      150,
      180
    ],
    [
      150,
      147
    ],
    [
      168.62069702148438,
      124.6551742553711
    ]
  ],
  [
    [
      168.62069702148438,
      124.6551742553711
    ],
    [
      150,
      120
    ],
    [
      150,
      147
    ],
    [
      135,
      165
    ],
    [
      0,
      3
    ],
    [
      0,
      0
    ],
    [
      272.5,
      0
    ],
    [
      168.62069702148438,
      124.6551742553711
    ]
  ]
]
