[
  [
    [
      128.47825622558594,
      157.17391967773438
    ],
    [
      111.92308044433594,
      137.3076934814453
    ],
    [
      148.04347229003906,
      149.3478240966797
    ],
    [
      146.53846740722656,
      151.15383911132812
    ],
    [
      128.47825622558594,
      157.17391967773438
    ]
  ],
  [
    [
      149.2857208251953,
      147.85714721679688
    ],
    [
      151.6666717529297,
      145
    ],
    [
      200,
      0
    ],
    [
      100,
      0
    ],
    [
      149.2857208251953,
      147.85714721679688
    ]
  ]
]
