[
  [
    [
      272.5,
      0
    ],
    [
      285,
      -15
    ],
    [
      -15,
      -15
    ],
    [
      3.75,
      7.5
    ],
    [
      0,
      0
    ],
    [
      272.5,
      0
    ]
  ],
  [
    [
      230.8333282470703,
      50
    ],
    [
      50,
      50
    ],
    [
      66.25,
      82.5
    ],
    [
      128.75,
      157.5
    ],
    [
      100,
      100
    ],
    [
      189.1666717529297,
      100
    ],
    [
      230.8333282470703,
      50
    ]
  ]
]
