[
  [
    [
      75,
      240
    ],
    [
      0,
      240
    ],
    [
      75,
      135
    ],
    [
      75,
      240
    ]
  ],
  [
    [
      195,
      240
    ],
    [
      75,
      240
    ],
    [
      75,
      375
    ],
    [
      225,
      262.5
    ],
    [
      375,
      375
    ],
    [
      375,
      75
    ],
    [
      249.41860961914062,
      169.18605041503906
    ],
    [
      150,
      30
    ],
    [
      102.90697479248047,
      95.93022918701172
    ],
    [
      75,
      75
    ],
    [
      75,
      135
    ],
    [
      102.90697479248047,
      95.93022918701172
    ],
    [
      225,
      187.5
    ],
    [
      175,
      225
    ],
    [
      195,
      240
    ]
  ],
  [
    [
      225,
      187.5
    ],
    [
      249.41860961914062,
      169.18605041503906
    ],
    [
      300,
      240
    ],
    [
      255,
      240
    ],
    [
      275,
      225
    ],
    [
      225,
      187.5
    ]
  ],
  [
    [
      255,
      240
    ],
    [
      225,
      262.5
    ],
    [
      195,
      240
    ],
    [
      255,
      240
    ]
  ]
]
