[
  [
    [
      75,
      107.14285278320312
    ],
    [
      75,
      375
    ],
    [
      225,
      262.5
    ],
    [
      375,
      375
    ],
    [
      375,
      75
    ],
    [
      225,
      187.5
    ],
    [
      102.2727279663086,
      95.45454406738281
    ],
    [
      85.71428680419922,
      128.57142639160156
    ],
    [
      75,
      107.14285278320312
    ]
  ],
  [
    [
      225,
      187.5
    ],
    [
      175,
      225
    ],
    [
      225,
      262.5
    ],
    [
      275,
      225
    ],
    [
      225,
      187.5
    ]
  ]
]
