[
  [
    [
      300,
      0
    ],
    [
      0,
      0
    ],
    [
      0,
      300
    ],
    [
      75,
      300
    ],
    [
      75,
      375
    ],
    [
      175,
      300
    ],
    [
      275,
      300
    ],
    [
      375,
      375
    ],
    [
      375,
      75
    ],
    [
      270.65216064453125,
      153.2608642578125
    ],
    [
      270,
      150
    ],
    [
      300,
      0
    ]
  ],
  [
    [
      198.75,
      167.8125
    ],
    [
      270,
      150
    ],
    [
      150,
      120
    ],
    [
      150,
      131.25
    ],
    [
      198.75,
      167.8125
    ]
  ]
]
