[
  [
    [
      75,
      93
    ],
    [
      75,
      375
    ],
    [
      225,
      262.5
    ],
    [
      375,
      375
    ],
    [
      375,
      75
    ],
    [
      225,
      187.5
    ],
    [
      158.07691955566406,
      137.3076934814453
    ],
    [
      135,
      165
    ],
    [
      75,
      93
    ]
  ],
  [
    [
      225,
      187.5
    ],
    [
      175,
      225
    ],
    [
      225,
      262.5
    ],
    [
      275,
      225
    ],
    [
      225,
      187.5
    ]
  ]
]
