[
  [
    [
      160.7142791748047,
      139.2857208251953
    ],
    [
      75,
      75
    ],
    [
      150,
      150
    ],
    [
      75,
      225
    ],
    [
      75,
      375
    ],
    [
      187.5,
      290.625
    ],
    [
      187.5,
      234.375
    ],
    [
      175,
      225
    ],
    [
      187.5,
      215.625
    ],
    [
      187.5,
      187.5
    ],
    [
      203.57142639160156,
      203.57142639160156
    ],
    [
      225,
      187.5
    ],
    [
      187.5,
      159.375
    ],
    [
      187.5,
      187.5
    ],
    [
      150,
      150
    ],
    [
      160.7142791748047,
      139.2857208251953
    ]
  ],
  [
    [
      262.5,
      159.375
    ],
    [
      262.5,
      215.625
    ],
    [
      275,
      225
    ],
    [
      262.5,
      234.375
    ],
    [
      262.5,
      262.5
    ],
    [
      246.42857360839844,
      246.42857360839844
    ],
    [
      225,
      262.5
    ],
    [
      375,
      375
    ],
    [
      375,
      75
    ],
    [
      262.5,
      159.375
    ]
  ]
]
