[
  [
    [
      75,
      150
    ],
    [
      75,
      375
    ],
    [
      225,
      262.5
    ],
    [
      375,
      375
    ],
    [
      375,
      75
    ],
    [
      225,
      187.5
    ],
    [
      211.36363220214844,
      177.27272033691406
    ],
    [
      195,
      210
    ],
    [
      225,
      187.5
    ],
    [
      275,
      225
    ],
    [
      225,
      262.5
    ],
    [
      184.09091186523438,
      231.81817626953125
    ],
    [
      150,
      300
    ],
    [
      75,
      150
    ]
  ],
  [
    [
      75,
      90
    ],
    [
      75,
      75
    ],
    [
      189.5454559326172,
      160.90908813476562
    ],
    [
      150,
      240
    ],
    [
      75,
      90
    ]
  ]
]
