[
  [
    [
      330,
      108.75
    ],
    [
      269.6938781738281,
      153.97959899902344
    ],
    [
      287.1428527832031,
      171.42857360839844
    ],
    [
      246.42857360839844,
      171.42857360839844
    ],
    [
      225,
      187.5
    ],
    [
      115.71428680419922,
      105.53571319580078
    ],
    [
      115.71428680419922,
      214.2857208251953
    ],
    [
      189.28570556640625,
      214.2857208251953
    ],
    [
      225,
      187.5
    ],
    [
      260.71429443359375,
      214.2857208251953
    ],
    [
      330,
      214.2857208251953
    ],
    [
      330,
      108.75
    ]
  ]
]
