[
  [
    [
      75,
      75
    ],
    [
      75,
      375
    ],
    [
      225,
      262.5
    ],
    [
      375,
      375
    ],
    [
      375,
      75
    ],
    [
      362.5,
      84.375
    ],
    [
      362.5,
      187.5
    ],
    [
      287.5,
      140.625
    ],
    [
      225,
      187.5
    ],
    [
      196.15383911132812,
      165.86538696289062
    ],
    [
      187.5,
      187.5
    ],
    [
      75,
      75
    ]
  ],
  [
    [
      225,
      187.5
    ],
    [
      275,
      225
    ],
    [
      225,
      262.5
    ],
    [
      175,
      225
    ],
    [
      225,
      187.5
    ]
  ]
]
