[
  [
    [
      75,
      300
    ],
    [
      75,
      375
    ],
    [
      225,
      262.5
    ],
    [
      375,
      375
    ],
    [
      375,
      75
    ],
    [
      225,
      187.5
    ],
    [
      150,
      131.25
    ],
    [
      150,
      300
    ],
    [
      75,
      300
    ]
  ],
  [
    [
      225,
      187.5
    ],
    [
      175,
      225
    ],
    [
      225,
      262.5
    ],
    [
      275,
      225
    ],
    [
      225,
      187.5
    ]
  ]
]
