[
  [
    [
      211.36363220214844,
      177.27272033691406
    ],
    [
      300,
      0
    ],
    [
      0,
      0
    ],
    [
      75,
      150
    ],
    [
      75,
      375
    ],
    [
      225,
      262.5
    ],
    [
      375,
      375
    ],
    [
      375,
      75
    ],
    [
      225,
      187.5
    ],
    [
      211.36363220214844,
      177.27272033691406
    ]
  ],
  [
    [
      195,
      210
    ],
    [
      225,
      187.5
    ],
    [
      275,
      225
    ],
    [
      225,
      262.5
    ],
    [
      184.09091186523438,
      231.81817626953125
    ],
    [
      195,
      210
    ]
  ],
  [
    [
      193.18182373046875,
      163.63636779785156
    ],
    [
      250,
      50
    ],
    [
      50,
      50
    ],
    [
      75,
      100
    ],
    [
      75,
      75
    ],
    [
      108.33333587646484,
      100
    ],
    [
      200,
      100
    ],
    [
      175,
      150
    ],
    [
      193.18182373046875,
      163.63636779785156
    ]
  ]
]
