[
  [
    [
      225,
      187.5
    ],
    [
      75,
      75
    ],
    [
      75,
      375
    ],
    [
      160.7142791748047,
      310.71429443359375
    ],
    [
      105,
      255
    ],
    [
      215,
      255
    ],
    [
      175,
      225
    ],
    [
      225,
      187.5
    ]
  ],
  [
    [
      375,
      255
    ],
    [
      375,
      75
    ],
    [
      225,
      187.5
    ],
    [
      275,
      225
    ],
    [
      235,
      255
    ],
    [
      375,
      255
    ]
  ],
  [
    [
      375,
      285
    ],
    [
      323.5714416503906,
      336.4285583496094
    ],
    [
      375,
      375
    ],
    [
      375,
      285
    ]
  ]
]
