[
  [
    [
      75,
      285.71429443359375
    ],
    [
      75,
      375
    ],
    [
      194.047607421875,
      285.71429443359375
    ],
    [
      75,
      285.71429443359375
    ]
  ],
  [
    [
      255.952392578125,
      285.71429443359375
    ],
    [
      375,
      375
    ],
    [
      375,
      75
    ],
    [
      285.71429443359375,
      141.9642791748047
    ],
    [
      285.71429443359375,
      285.71429443359375
    ],
    [
      255.952392578125,
      285.71429443359375
    ]
  ]
]
