[
  [
    [
      175,
      300
    ],
    [
      75,
      300
    ],
    [
      75,
      75
    ],
    [
      150,
      131.25
    ],
    [
      150,
      180
    ],
    [
      198.75,
      167.8125
    ],
    [
      225,
      187.5
    ],
    [
      175,
      225
    ],
    [
      225,
      262.5
    ],
    [
      175,
      300
    ]
  ],
  [
    [
      275,
      300
    ],
    [
      225,
      262.5
    ],
    [
      275,
      225
    ],
    [
      225,
      187.5
    ],
    [
      270.65216064453125,
      153.2608642578125
    ],
    [
      300,
      300
    ],
    [
      275,
      300
    ]
  ]
]
