3
55
	0 0
	187.5 0
	187.5 50
	50 50
	100 100
	187.5 100
	200 100
	187.5 112.5
	187.5 125
	166.667 166.667
	183.333 183.333
	150 250
	116.667 183.333
	133.333 166.667
	150 150
	187.5 112.5
	187.5 100
	187.5 50
	225 50
	250 50
	225 75
	225 100
	187.5 175
	187.5 187.5
	183.333 183.333
	187.5 175
	187.5 125
	200 100
	225 75
	225 50
	225 0
	300 0
	262.5 75
	262.5 262.5
	225 225
	225 300
	187.5 300
	187.5 225
	200 200
	225 150
	262.5 75
	262.5 37.5
	250 50
	225 100
	225 150
	225 225
	200 200
	187.5 187.5
	187.5 225
	150 300
	100 200
	116.667 183.333
	50 50
	37.5 37.5
	37.5 75
3
	37.5 75
	100 200
	37.5 262.5
5
	133.333 166.667
	150 200
	166.667 166.667
	150 150
	100 100
0: 2
