4
32
	37.5 37.5
	75 75
	160.714 139.286
	150 150
	187.5 187.5
	203.571 203.571
	187.5 215.625
	187.5 234.375
	175 225
	187.5 215.625
	187.5 187.5
	187.5 159.375
	225 187.5
	203.571 203.571
	225 225
	246.429 246.429
	225 262.5
	375 375
	375 75
	262.5 159.375
	262.5 215.625
	225 187.5
	225 225
	225 262.5
	187.5 234.375
	187.5 290.625
	75 375
	75 225
	150 150
	75 75
	75 225
	37.5 262.5
11
	160.714 139.286
	187.5 112.5
	225 75
	262.5 37.5
	262.5 159.375
	225 187.5
	225 75
	225 0
	187.5 0
	187.5 112.5
	187.5 159.375
4
	187.5 290.625
	225 262.5
	225 300
	187.5 300
6
	246.429 246.429
	262.5 234.375
	275 225
	262.5 215.625
	262.5 234.375
	262.5 262.5
