4
25
	0 240
	115.714 78
	150 30
	159.184 42.8571
	158.571 42.8571
	180 128.571
	190.476 86.6667
	201.429 42.8571
	159.184 42.8571
	190.476 86.6667
	244.286 162
	251.02 171.429
	244.286 171.429
	244.286 162
	244.286 128.571
	287.143 171.429
	251.02 171.429
	281.633 214.286
	115.714 214.286
	115.714 78
	115.714 0
	330 0
	330 214.286
	281.633 214.286
	300 240
3
	30 0
	72.8571 0
	51.4286 42.8571
3
	34.2857 85.7143
	64.2857 85.7143
	42.8571 107.143
3
	287.143 42.8571
	265.714 42.8571
	244.286 85.7143
0: 3
