[
  [
    [
      [
        137.5,
        25
      ],
      [
        137.5,
        137.5
      ],
      [
        25,
        25
      ],
      [
        137.5,
        25
      ]
    ],
    [
      [
        162.5,
        212.5
      ],
      [
        162.5,
        25
      ],
      [
        325,
        25
      ],
      [
        325,
        212.5
      ],
      [
        162.5,
        212.5
      ]
    ]
  ],
  [
    [
      [
        105,
        255
      ],
      [
        405,
        255
      ],
      [
        255,
        405
      ],
      [
        105,
        255
      ]
    ]
  ]
]
