[
  [
    [
      [
        25,
        25
      ],
      [
        137.5,
        25
      ],
      [
        137.5,
        137.5
      ],
      [
        25,
        25
      ]
    ]
  ],
  [
    [
      [
        150,
        0
      ],
      [
        300,
        0
      ],
      [
        300,
        25
      ],
      [
        325,
        25
      ],
      [
        325,
        212.5
      ],
      [
        300,
        212.5
      ],
      [
        300,
        300
      ],
      [
        150,
        300
      ],
      [
        150,
        0
      ]
    ]
  ]
]
