[
  [
    [
      [
        25,
        25
      ],
      [
        75,
        25
      ],
      [
        75,
        0
      ],
      [
        225,
        0
      ],
      [
        225,
        25
      ],
      [
        325,
        25
      ],
      [
        325,
        212.5
      ],
      [
        225,
        212.5
      ],
      [
        225,
        300
      ],
      [
        75,
        300
      ],
      [
        75,
        75
      ],
      [
        25,
        25
      ]
    ]
  ]
]
