[
  [
    [
      [
        25,
        25
      ],
      [
        42.5,
        25.000000000000004
      ],
      [
        51.42857142857143,
        42.857142857142854
      ],
      [
        60.35714285714286,
        25.000000000000004
      ],
      [
        115.71428571428571,
        25
      ],
      [
        115.71428571428571,
        115.7142857142857
      ],
      [
        25,
        25
      ]
    ]
  ],
  [
    [
      [
        162.5,
        42.857142857142854
      ],
      [
        201.42857142857142,
        42.857142857142854
      ],
      [
        180,
        128.57142857142856
      ],
      [
        162.5,
        58.57142857142862
      ],
      [
        162.5,
        42.857142857142854
      ]
    ],
    [
      [
        244.28571428571428,
        85.71428571428571
      ],
      [
        265.7142857142857,
        42.857142857142854
      ],
      [
        287.1428571428571,
        42.857142857142854
      ],
      [
        244.28571428571428,
        85.71428571428571
      ]
    ],
    [
      [
        244.28571428571428,
        128.57142857142856
      ],
      [
        287.1428571428571,
        171.42857142857142
      ],
      [
        244.28571428571428,
        171.42857142857142
      ],
      [
        244.28571428571428,
        128.57142857142856
      ]
    ]
  ]
]
