[
  [
    [
      [
        42.857142857142854,
        42.857142857142854
      ],
      [
        128.57142857142856,
        42.857142857142854
      ],
      [
        100,
        100
      ],
      [
        42.857142857142854,
        42.857142857142854
      ]
    ],
    [
      [
        257.1428571428571,
        42.857142857142854
      ],
      [
        325,
        42.857142857142854
      ],
      [
        325,
        78.57142857142853
      ],
      [
        300,
        128.57142857142856
      ],
      [
        257.1428571428571,
        42.857142857142854
      ]
    ]
  ]
]
