[
  [
    [
      [
        -14.285714285714286,
        -14.285714285714286
      ],
      [
        285.7142857142857,
        -14.285714285714286
      ],
      [
        285.7142857142857,
        25
      ],
      [
        325,
        25
      ],
      [
        325,
        212.5
      ],
      [
        285.7142857142857,
        212.5
      ],
      [
        285.7142857142857,
        285.7142857142857
      ],
      [
        -14.285714285714286,
        285.7142857142857
      ],
      [
        -14.285714285714286,
        -14.285714285714286
      ]
    ]
  ]
]
