[
  [
    [
      [
        50,
        50
      ],
      [
        137.5,
        50
      ],
      [
        137.5,
        100
      ],
      [
        100,
        100
      ],
      [
        50,
        50
      ]
    ]
  ],
  [
    [
      [
        162.5,
        50
      ],
      [
        250,
        50
      ],
      [
        168.75,
        212.5
      ],
      [
        162.5,
        212.5
      ],
      [
        162.5,
        175
      ],
      [
        200,
        100
      ],
      [
        162.5,
        100
      ],
      [
        162.5,
        50
      ]
    ],
    [
      [
        193.75,
        212.5
      ],
      [
        287.5,
        25
      ],
      [
        325,
        25
      ],
      [
        325,
        212.5
      ],
      [
        193.75,
        212.5
      ]
    ]
  ]
]
