[
  [
    [
      [
        25,
        25
      ],
      [
        137.5,
        25
      ],
      [
        137.5,
        137.5
      ],
      [
        25,
        25
      ]
    ],
    [
      [
        162.5,
        25
      ],
      [
        295,
        25
      ],
      [
        270,
        150
      ],
      [
        282.5,
        212.5
      ],
      [
        162.5,
        212.5
      ],
      [
        162.5,
        176.875
      ],
      [
        270,
        150
      ],
      [
        162.5,
        123.125
      ],
      [
        162.5,
        25
      ]
    ]
  ]
]
