[
  [
    [
      [
        25,
        25
      ],
      [
        137.5,
        25
      ],
      [
        137.5,
        47.5
      ],
      [
        100,
        100
      ],
      [
        25,
        25
      ]
    ],
    [
      [
        162.5,
        25
      ],
      [
        325,
        25
      ],
      [
        325,
        212.5
      ],
      [
        280.35714285714283,
        212.5
      ],
      [
        162.5,
        47.5
      ],
      [
        162.5,
        25
      ]
    ]
  ]
]
