[
  [
    [
      [
        25,
        25
      ],
      [
        137.5,
        25
      ],
      [
        137.5,
        121.875
      ],
      [
        75,
        75
      ],
      [
        25,
        25
      ]
    ],
    [
      [
        162.5,
        25
      ],
      [
        325,
        25
      ],
      [
        325,
        112.5
      ],
      [
        225,
        187.5
      ],
      [
        258.3333333333333,
        212.5
      ],
      [
        191.66666666666666,
        212.5
      ],
      [
        225,
        187.5
      ],
      [
        162.5,
        140.625
      ],
      [
        162.5,
        25
      ]
    ]
  ]
]
