[
  [
    [
      [
        25,
        25
      ],
      [
        108.33333333333333,
        25
      ],
      [
        137.5,
        112.5
      ],
      [
        137.5,
        137.5
      ],
      [
        25,
        25
      ]
    ]
  ],
  [
    [
      [
        162.5,
        112.49999999999999
      ],
      [
        191.66666666666666,
        25
      ],
      [
        325,
        25
      ],
      [
        325,
        212.5
      ],
      [
        170.83333333333334,
        212.5
      ],
      [
        162.5,
        187.5
      ],
      [
        162.5,
        154.16666666666666
      ],
      [
        300,
        200
      ],
      [
        300,
        100
      ],
      [
        162.5,
        145.83333333333334
      ],
      [
        162.5,
        112.49999999999999
      ]
    ]
  ]
]
