[
  [
    [
      [
        137.5,
        25
      ],
      [
        137.5,
        137.5
      ],
      [
        25,
        25
      ],
      [
        137.5,
        25
      ]
    ],
    [
      [
        162.5,
        212.5
      ],
      [
        162.5,
        25
      ],
      [
        325,
        25
      ],
      [
        325,
        212.5
      ],
      [
        162.5,
        212.5
      ]
    ]
  ],
  [
    [
      [
        0.3531073446327684,
        -150
      ],
      [
        -27.68361581920904,
        -150
      ],
      [
        -27.68361581920904,
        150
      ],
      [
        0.3531073446327684,
        150
      ],
      [
        0.3531073446327684,
        -150
      ]
    ]
  ]
]
