[
  [
    [
      [
        162.5,
        137.5
      ],
      [
        187.5,
        112.5
      ],
      [
        225,
        75
      ],
      [
        262.5,
        37.5
      ],
      [
        262.5,
        212.5
      ],
      [
        225,
        212.5
      ],
      [
        225,
        75
      ],
      [
        225,
        25
      ],
      [
        187.5,
        25
      ],
      [
        187.5,
        112.5
      ],
      [
        187.5,
        187.5
      ],
      [
        162.5,
        162.5
      ],
      [
        162.5,
        137.5
      ]
    ]
  ],
  [
    [
      [
        187.5,
        187.5
      ],
      [
        212.5,
        212.5
      ],
      [
        187.5,
        212.5
      ],
      [
        187.5,
        187.5
      ]
    ]
  ]
]
