[
  [
    [
      [
        0,
        100
      ],
      [
        150,
        150
      ],
      [
        0,
        200
      ],
      [
        0,
        100
      ]
    ],
    [
      [
        100,
        0
      ],
      [
        200,
        0
      ],
      [
        179.16666666666666,
        62.5
      ],
      [
        176.29310344827584,
        71.12068965517241
      ],
      [
        162.5,
        62.5
      ],
      [
        179.16666666666666,
        62.5
      ],
      [
        120.83333333333334,
        62.5
      ],
      [
        100,
        0
      ]
    ],
    [
      [
        100,
        300
      ],
      [
        150,
        150
      ],
      [
        200,
        300
      ],
      [
        100,
        300
      ]
    ]
  ],
  [
    [
      [
        196.3235294117647,
        165.44117647058823
      ],
      [
        210.57692307692307,
        129.80769230769232
      ],
      [
        249.45652173913044,
        116.84782608695653
      ],
      [
        300,
        148.4375
      ],
      [
        300,
        200
      ],
      [
        196.3235294117647,
        165.44117647058823
      ]
    ]
  ]
]
