[
  [
    [
      [
        0,
        100
      ],
      [
        80.76923076923076,
        126.92307692307692
      ],
      [
        37.5,
        187.5
      ],
      [
        0,
        200
      ],
      [
        0,
        100
      ]
    ],
    [
      [
        100,
        0
      ],
      [
        200,
        0
      ],
      [
        177.27272727272728,
        68.18181818181819
      ],
      [
        150,
        30
      ],
      [
        122.72727272727272,
        68.18181818181817
      ],
      [
        100,
        0
      ]
    ],
    [
      [
        100,
        300
      ],
      [
        120,
        240
      ],
      [
        180,
        240
      ],
      [
        200,
        300
      ],
      [
        100,
        300
      ]
    ]
  ],
  [
    [
      [
        219.23076923076923,
        126.92307692307693
      ],
      [
        300,
        100
      ],
      [
        300,
        200
      ],
      [
        262.5,
        187.5
      ],
      [
        219.23076923076923,
        126.92307692307693
      ]
    ]
  ]
]
