[
  [
    [
      [
        -14.285714285714286,
        -14.285714285714286
      ],
      [
        285.7142857142857,
        -14.285714285714286
      ],
      [
        285.7142857142857,
        104.76190476190474
      ],
      [
        150,
        150
      ],
      [
        285.7142857142857,
        195.23809523809524
      ],
      [
        300,
        200
      ],
      [
        300,
        100
      ],
      [
        285.7142857142857,
        104.76190476190474
      ],
      [
        285.7142857142857,
        195.23809523809524
      ],
      [
        285.7142857142857,
        285.7142857142857
      ],
      [
        195.23809523809524,
        285.7142857142857
      ],
      [
        200,
        300
      ],
      [
        100,
        300
      ],
      [
        104.76190476190476,
        285.7142857142857
      ],
      [
        150,
        150
      ],
      [
        200,
        0
      ],
      [
        100,
        0
      ],
      [
        150,
        150
      ],
      [
        0,
        100
      ],
      [
        0,
        200
      ],
      [
        150,
        150
      ],
      [
        195.23809523809524,
        285.7142857142857
      ],
      [
        104.76190476190476,
        285.7142857142857
      ],
      [
        -14.285714285714286,
        285.7142857142857
      ],
      [
        -14.285714285714286,
        -14.285714285714286
      ]
    ]
  ]
]
