[
  [
    [
      [
        0,
        0
      ],
      [
        100,
        0
      ],
      [
        200,
        0
      ],
      [
        300,
        0
      ],
      [
        240,
        120
      ],
      [
        300,
        100
      ],
      [
        300,
        200
      ],
      [
        214.28571428571428,
        171.42857142857142
      ],
      [
        180,
        240
      ],
      [
        200,
        300
      ],
      [
        150,
        300
      ],
      [
        100,
        300
      ],
      [
        120,
        240
      ],
      [
        85.71428571428571,
        171.42857142857142
      ],
      [
        0,
        200
      ],
      [
        0,
        100
      ],
      [
        60,
        120
      ],
      [
        0,
        0
      ]
    ]
  ]
]
