[
  [
    [
      [
        0,
        100
      ],
      [
        75,
        125
      ],
      [
        75,
        175
      ],
      [
        0,
        200
      ],
      [
        0,
        100
      ]
    ],
    [
      [
        100,
        0
      ],
      [
        200,
        0
      ],
      [
        155,
        135
      ],
      [
        141.66666666666669,
        125
      ],
      [
        100,
        0
      ]
    ]
  ],
  [
    [
      [
        167.30769230769232,
        144.23076923076923
      ],
      [
        300,
        100
      ],
      [
        300,
        131.25
      ],
      [
        236.53846153846155,
        178.84615384615384
      ],
      [
        195.00000000000003,
        165
      ],
      [
        167.30769230769232,
        144.23076923076923
      ]
    ],
    [
      [
        175,
        300
      ],
      [
        195,
        285
      ],
      [
        200,
        300
      ],
      [
        175,
        300
      ]
    ]
  ]
]
