[
  [
    [
      [
        0,
        100
      ],
      [
        150,
        150
      ],
      [
        0,
        200
      ],
      [
        0,
        100
      ]
    ],
    [
      [
        100,
        0
      ],
      [
        200,
        0
      ],
      [
        150,
        150
      ],
      [
        285.7142857142857,
        104.76190476190474
      ],
      [
        285.7142857142857,
        195.23809523809524
      ],
      [
        150,
        150
      ],
      [
        195.23809523809524,
        285.7142857142857
      ],
      [
        104.76190476190476,
        285.7142857142857
      ],
      [
        150,
        150
      ],
      [
        100,
        0
      ]
    ]
  ]
]
