[
  [
    [
      [
        0,
        100
      ],
      [
        115.71428571428571,
        138.57142857142856
      ],
      [
        115.71428571428571,
        161.42857142857144
      ],
      [
        0,
        200
      ],
      [
        0,
        100
      ]
    ],
    [
      [
        100,
        0
      ],
      [
        115.71428571428571,
        0
      ],
      [
        200,
        0
      ],
      [
        170.20408163265307,
        89.38775510204083
      ],
      [
        158.57142857142856,
        42.857142857142854
      ],
      [
        185.71428571428572,
        42.857142857142854
      ],
      [
        200,
        300
      ],
      [
        100,
        300
      ],
      [
        128.57142857142858,
        214.28571428571428
      ],
      [
        171.42857142857142,
        214.28571428571428
      ],
      [
        100,
        0
      ]
    ],
    [
      [
        115.71428571428571,
        0
      ],
      [
        115.71428571428571,
        47.14285714285713
      ]
    ],
    [
      [
        244.28571428571428,
        128.57142857142856
      ],
      [
        287.1428571428571,
        171.42857142857142
      ],
      [
        244.28571428571428,
        171.42857142857142
      ],
      [
        244.28571428571428,
        128.57142857142856
      ]
    ]
  ]
]
