[
  [
    [
      [
        [
          [
            100,
            300
          ],
          [
            104.76190476190476,
            285.7142857142857
          ],
          [
            195.23809523809524,
            285.7142857142857
          ],
          [
            200,
            300
          ],
          [
            100,
            300
          ]
        ]
      ]
    ]
  ],
  [
    [
      [
        285.7142857142857,
        104.76190476190474
      ],
      [
        300,
        100
      ],
      [
        300,
        200
      ],
      [
        285.7142857142857,
        195.23809523809524
      ],
      [
        285.7142857142857,
        104.76190476190474
      ]
    ]
  ]
]
