[
  [
    [
      [
        120.83333333333334,
        62.5
      ],
      [
        179.16666666666666,
        62.5
      ],
      [
        162.5,
        62.5
      ],
      [
        176.29310344827584,
        71.12068965517241
      ],
      [
        150,
        150
      ],
      [
        210.57692307692307,
        129.80769230769232
      ],
      [
        196.3235294117647,
        165.44117647058823
      ],
      [
        150,
        150
      ],
      [
        120.83333333333334,
        62.5
      ]
    ]
  ],
  [
    [
      [
        249.45652173913044,
        116.84782608695653
      ],
      [
        300,
        100
      ],
      [
        300,
        148.4375
      ],
      [
        249.45652173913044,
        116.84782608695653
      ]
    ]
  ]
]
