[
  [
    [
      [
        0,
        100
      ],
      [
        150,
        150
      ],
      [
        0,
        200
      ],
      [
        0,
        100
      ]
    ],
    [
      [
        100,
        0
      ],
      [
        200,
        0
      ],
      [
        150,
        150
      ],
      [
        287.7551020408163,
        104.08163265306122
      ],
      [
        300,
        128.57142857142856
      ],
      [
        300,
        200
      ],
      [
        150,
        150
      ],
      [
        200,
        300
      ],
      [
        100,
        300
      ],
      [
        150,
        150
      ],
      [
        119.99999999999999,
        59.999999999999986
      ],
      [
        128.57142857142856,
        42.857142857142854
      ],
      [
        114.28571428571428,
        42.857142857142854
      ],
      [
        100,
        0
      ]
    ]
  ]
]
