[
  [
    [
      [
        0,
        100
      ],
      [
        60,
        120
      ],
      [
        60,
        180
      ],
      [
        0,
        200
      ],
      [
        0,
        100
      ]
    ],
    [
      [
        100,
        0
      ],
      [
        200,
        0
      ],
      [
        160,
        120
      ],
      [
        140,
        120
      ],
      [
        100,
        0
      ]
    ]
  ],
  [
    [
      [
        180,
        140
      ],
      [
        300,
        100
      ],
      [
        300,
        200
      ],
      [
        180,
        160
      ],
      [
        180,
        140
      ]
    ]
  ],
  [
    [
      [
        180,
        240
      ],
      [
        200,
        300
      ],
      [
        180,
        300
      ],
      [
        180,
        240
      ]
    ]
  ]
]
