[
  [
    [
      [
        114.28571428571428,
        42.857142857142854
      ],
      [
        128.57142857142856,
        42.857142857142854
      ],
      [
        119.99999999999999,
        59.999999999999986
      ],
      [
        114.28571428571428,
        42.857142857142854
      ]
    ]
  ],
  [
    [
      [
        287.7551020408163,
        104.08163265306122
      ],
      [
        300,
        100
      ],
      [
        300,
        128.57142857142856
      ],
      [
        287.7551020408163,
        104.08163265306122
      ]
    ]
  ]
]
