[
  [
    [
      [
        0,
        100
      ],
      [
        37.5,
        112.5
      ],
      [
        37.5,
        187.5
      ],
      [
        0,
        200
      ],
      [
        0,
        100
      ]
    ],
    [
      [
        100,
        0
      ],
      [
        187.5,
        0
      ],
      [
        200,
        0
      ],
      [
        100,
        300
      ],
      [
        150,
        150
      ],
      [
        187.5,
        37.5
      ],
      [
        187.5,
        0
      ],
      [
        187.5,
        262.5
      ],
      [
        187.5,
        300
      ],
      [
        225,
        175
      ],
      [
        225,
        125
      ],
      [
        187.5,
        137.5
      ],
      [
        187.5,
        162.5
      ],
      [
        100,
        0
      ]
    ]
  ],
  [
    [
      [
        262.5,
        112.5
      ],
      [
        300,
        100
      ],
      [
        300,
        200
      ],
      [
        262.5,
        187.5
      ],
      [
        262.5,
        112.5
      ]
    ]
  ]
]
