[
  [
    [
      [
        0,
        0
      ],
      [
        100,
        0
      ],
      [
        200,
        0
      ],
      [
        300,
        0
      ],
      [
        240,
        120
      ],
      [
        300,
        100
      ],
      [
        300,
        200
      ],
      [
        214.28571428571428,
        171.42857142857142
      ],
      [
        180,
        240
      ],
      [
        200,
        300
      ],
      [
        150,
        300
      ],
      [
        100,
        300
      ],
      [
        120,
        240
      ],
      [
        85.71428571428571,
        171.42857142857142
      ],
      [
        0,
        200
      ],
      [
        0,
        100
      ],
      [
        60,
        120
      ],
      [
        0,
        0
      ]
    ],
    [
      [
        50,
        50
      ],
      [
        116.66666666666666,
        50
      ],
      [
        133.33333333333331,
        100
      ],
      [
        100,
        100
      ],
      [
        120,
        140
      ],
      [
        90,
        130
      ],
      [
        50,
        50
      ]
    ]
  ],
  [
    [
      [
        107.14285714285714,
        164.28571428571428
      ],
      [
        128.57142857142856,
        157.14285714285714
      ],
      [
        140,
        180
      ],
      [
        130,
        210
      ],
      [
        107.14285714285714,
        164.28571428571428
      ]
    ]
  ],
  [
    [
      [
        160,
        180
      ],
      [
        171.42857142857144,
        157.14285714285714
      ],
      [
        192.85714285714286,
        164.28571428571428
      ],
      [
        170,
        210
      ],
      [
        160,
        180
      ]
    ]
  ],
  [
    [
      [
        166.66666666666666,
        100
      ],
      [
        183.33333333333331,
        50
      ],
      [
        250,
        50
      ],
      [
        210,
        130
      ],
      [
        180,
        140
      ],
      [
        200,
        100
      ],
      [
        166.66666666666666,
        100
      ]
    ]
  ]
]
