[
  [
    [
      [
        60,
        120
      ],
      [
        150,
        150
      ],
      [
        60,
        180
      ],
      [
        60,
        120
      ]
    ],
    [
      [
        100,
        300
      ],
      [
        150,
        150
      ],
      [
        160,
        120
      ],
      [
        140,
        120
      ],
      [
        150,
        150
      ],
      [
        180,
        140
      ],
      [
        180,
        160
      ],
      [
        150,
        150
      ],
      [
        180,
        240
      ],
      [
        180,
        300
      ],
      [
        100,
        300
      ]
    ]
  ]
]
