[
  [
    [
      [
        30,
        0
      ],
      [
        72.85714285714286,
        0
      ],
      [
        51.42857142857143,
        42.857142857142854
      ],
      [
        30,
        0
      ]
    ],
    [
      [
        34.285714285714285,
        85.71428571428571
      ],
      [
        64.28571428571428,
        85.71428571428571
      ],
      [
        42.857142857142854,
        107.14285714285714
      ],
      [
        34.285714285714285,
        85.71428571428571
      ]
    ]
  ],
  [
    [
      [
        62.5,
        62.5
      ],
      [
        115.71428571428571,
        62.5
      ],
      [
        163.48214285714283,
        62.5
      ],
      [
        196.5178571428571,
        62.5
      ],
      [
        162.5,
        62.5
      ],
      [
        163.66402116402114,
        63.22751322751321
      ],
      [
        191.9208494208494,
        80.88803088803087
      ],
      [
        180,
        128.57142857142856
      ],
      [
        163.66402116402114,
        63.22751322751321
      ],
      [
        163.48214285714283,
        62.5
      ],
      [
        158.57142857142856,
        42.857142857142854
      ],
      [
        201.42857142857142,
        42.857142857142854
      ],
      [
        196.5178571428571,
        62.5
      ],
      [
        237.5,
        62.5
      ],
      [
        222.5,
        100
      ],
      [
        330,
        167.1875
      ],
      [
        362.5,
        187.5
      ],
      [
        362.5,
        62.5
      ],
      [
        330,
        62.5
      ],
      [
        330,
        167.1875
      ],
      [
        330,
        214.28571428571428
      ],
      [
        115.71428571428571,
        214.28571428571428
      ],
      [
        115.71428571428571,
        115.7142857142857
      ],
      [
        187.5,
        187.5
      ],
      [
        222.5,
        100
      ],
      [
        191.9208494208494,
        80.88803088803087
      ],
      [
        196.5178571428571,
        62.5
      ],
      [
        237.5,
        62.5
      ],
      [
        255.89285714285714,
        62.5
      ],
      [
        244.28571428571428,
        85.71428571428571
      ],
      [
        267.5,
        62.5
      ],
      [
        287.1428571428571,
        42.857142857142854
      ],
      [
        265.7142857142857,
        42.857142857142854
      ],
      [
        255.89285714285714,
        62.5
      ],
      [
        267.5,
        62.5
      ],
      [
        330,
        62.5
      ],
      [
        330,
        0
      ],
      [
        115.71428571428571,
        0
      ],
      [
        115.71428571428571,
        62.5
      ],
      [
        115.71428571428571,
        115.7142857142857
      ],
      [
        62.5,
        62.5
      ]
    ],
    [
      [
        244.28571428571428,
        128.57142857142856
      ],
      [
        287.1428571428571,
        171.42857142857142
      ],
      [
        244.28571428571428,
        171.42857142857142
      ],
      [
        244.28571428571428,
        128.57142857142856
      ]
    ]
  ]
]
