[
  [
    [
      [
        62.5,
        62.5
      ],
      [
        237.5,
        62.5
      ],
      [
        222.5,
        100
      ],
      [
        287.5,
        140.625
      ],
      [
        362.5,
        84.375
      ],
      [
        362.5,
        62.5
      ],
      [
        237.5,
        62.5
      ],
      [
        162.5,
        62.5
      ],
      [
        222.5,
        100
      ],
      [
        196.15384615384616,
        165.8653846153846
      ],
      [
        75,
        75
      ],
      [
        62.5,
        62.5
      ]
    ]
  ]
]
