[
  [
    [
      [
        148.63636363636363,
        148.63636363636363
      ],
      [
        200.58219178082192,
        86.30136986301369
      ],
      [
        222.5,
        100
      ],
      [
        187.5,
        187.5
      ],
      [
        148.63636363636363,
        148.63636363636363
      ]
    ]
  ],
  [
    [
      [
        220.41666666666666,
        62.5
      ],
      [
        237.5,
        62.5
      ],
      [
        222.5,
        100
      ],
      [
        362.5,
        187.5
      ],
      [
        362.5,
        62.5
      ],
      [
        237.5,
        62.5
      ],
      [
        220.41666666666666,
        62.5
      ]
    ]
  ]
]
