[
  [
    [
      [
        62.5,
        62.5
      ],
      [
        187.5,
        187.5
      ],
      [
        237.5,
        62.5
      ],
      [
        62.5,
        62.5
      ]
    ],
    [
      [
        162.5,
        62.5
      ],
      [
        362.5,
        187.5
      ],
      [
        362.5,
        62.5
      ],
      [
        162.5,
        62.5
      ]
    ]
  ],
  [
    [
      [
        0.3531073446327684,
        -150
      ],
      [
        -27.68361581920904,
        -150
      ],
      [
        -27.68361581920904,
        150
      ],
      [
        0.3531073446327684,
        150
      ],
      [
        0.3531073446327684,
        -150
      ]
    ]
  ]
]
