[
  [
    [
      [
        62.5,
        62.5
      ],
      [
        75,
        62.5
      ],
      [
        75,
        75
      ],
      [
        62.5,
        62.5
      ]
    ]
  ],
  [
    [
      [
        225,
        62.5
      ],
      [
        225,
        93.75
      ]
    ],
    [
      [
        225,
        101.5625
      ],
      [
        225,
        300
      ]
    ]
  ],
  [
    [
      [
        237.5,
        62.5
      ],
      [
        362.5,
        62.5
      ],
      [
        362.5,
        187.5
      ]
    ]
  ]
]
