[
  [
    [
      [
        62.5,
        62.5
      ],
      [
        187.5,
        187.5
      ],
      [
        237.5,
        62.5
      ],
      [
        62.5,
        62.5
      ]
    ],
    [
      [
        162.5,
        62.5
      ],
      [
        362.5,
        187.5
      ],
      [
        362.5,
        62.5
      ],
      [
        162.5,
        62.5
      ]
    ]
  ],
  [
    [
      [
        105,
        255
      ],
      [
        405,
        255
      ],
      [
        255,
        405
      ],
      [
        105,
        255
      ]
    ]
  ]
]
