[
  [
    [
      [
        150,
        120
      ],
      [
        208.63636363636363,
        134.6590909090909
      ],
      [
        195,
        168.75
      ],
      [
        174,
        174
      ],
      [
        150,
        150
      ],
      [
        150,
        120
      ]
    ]
  ],
  [
    [
      [
        273.6111111111111,
        131.94444444444446
      ],
      [
        287.5,
        62.5
      ],
      [
        362.5,
        62.5
      ],
      [
        362.5,
        187.5
      ],
      [
        273.6111111111111,
        131.94444444444446
      ]
    ]
  ]
]
