[
  [
    [
      [
        37.5,
        37.5
      ],
      [
        62.5,
        62.5
      ],
      [
        187.5,
        62.5
      ],
      [
        237.5,
        62.5
      ],
      [
        225,
        75
      ],
      [
        225,
        93.74999999999999
      ],
      [
        225,
        62.5
      ],
      [
        237.5,
        62.5
      ],
      [
        262.5,
        37.5
      ],
      [
        262.5,
        62.5
      ],
      [
        362.5,
        62.5
      ],
      [
        362.5,
        187.5
      ],
      [
        262.5,
        124.99999999999999
      ],
      [
        262.5,
        262.5
      ],
      [
        225,
        225
      ],
      [
        225,
        300
      ],
      [
        225,
        101.56249999999999
      ],
      [
        162.5,
        62.5
      ],
      [
        187.5,
        78.125
      ],
      [
        208.65384615384616,
        91.34615384615384
      ],
      [
        187.5,
        112.5
      ],
      [
        187.5,
        187.5
      ],
      [
        150,
        150
      ],
      [
        37.5,
        262.5
      ],
      [
        37.5,
        37.5
      ]
    ],
    [
      [
        187.5,
        0
      ],
      [
        225,
        0
      ],
      [
        225,
        62.5
      ],
      [
        187.5,
        78.125
      ],
      [
        187.5,
        0
      ]
    ]
  ]
]
