[
  [
    [
      [
        0,
        0
      ],
      [
        100,
        0
      ],
      [
        200,
        0
      ],
      [
        180,
        60
      ],
      [
        240,
        60
      ],
      [
        204,
        132
      ],
      [
        240,
        120
      ],
      [
        300,
        0
      ],
      [
        200,
        0
      ],
      [
        214.28571428571428,
        171.42857142857142
      ],
      [
        180,
        240
      ],
      [
        168,
        204
      ],
      [
        188.57142857142858,
        162.85714285714286
      ],
      [
        120,
        240
      ],
      [
        85.71428571428571,
        171.42857142857142
      ],
      [
        111.42857142857142,
        162.85714285714283
      ],
      [
        132,
        204
      ],
      [
        60,
        60
      ],
      [
        96,
        132
      ],
      [
        60,
        120
      ],
      [
        0,
        0
      ],
      [
        0,
        100
      ],
      [
        0,
        0
      ]
    ]
  ],
  [
    [
      [
        0,
        100
      ],
      [
        0,
        200
      ],
      [
        0,
        300
      ],
      [
        0,
        200
      ]
    ],
    [
      [
        100,
        0
      ],
      [
        120,
        60
      ]
    ]
  ]
]
