[
  [
    [
      [
        -150,
        -150
      ],
      [
        150,
        -150
      ],
      [
        150,
        0
      ],
      [
        300,
        0
      ],
      [
        150,
        300
      ],
      [
        75,
        150
      ],
      [
        0,
        150
      ],
      [
        0,
        300
      ],
      [
        0,
        150
      ],
      [
        -150,
        150
      ],
      [
        -150,
        -150
      ]
    ]
  ],
  [
    [
      [
        105,
        150
      ],
      [
        150,
        150
      ],
      [
        150,
        60
      ],
      [
        240,
        60
      ],
      [
        150,
        240
      ],
      [
        105,
        150
      ]
    ]
  ]
]
