[
  [
    [
      [
        75,
        90
      ],
      [
        150,
        240
      ],
      [
        189.54545454545456,
        160.9090909090909
      ],
      [
        211.36363636363637,
        177.27272727272725
      ],
      [
        195,
        210
      ],
      [
        175,
        225
      ],
      [
        184.0909090909091,
        231.8181818181818
      ],
      [
        150,
        300
      ],
      [
        75,
        150
      ],
      [
        75,
        90
      ]
    ]
  ]
]
