[
  [
    [
      [
        0,
        0
      ],
      [
        300,
        0
      ],
      [
        150,
        300
      ],
      [
        0,
        0
      ],
      [
        0,
        300
      ],
      [
        0,
        0
      ]
    ],
    [
      [
        60,
        60
      ],
      [
        240,
        60
      ],
      [
        150,
        240
      ],
      [
        60,
        60
      ]
    ],
    [
      [
        100,
        100
      ],
      [
        200,
        100
      ],
      [
        150,
        200
      ],
      [
        100,
        100
      ]
    ]
  ]
]
