[
  [
    [
      [
        -15,
        -15
      ],
      [
        285,
        -15
      ],
      [
        272.5,
        0
      ],
      [
        300,
        0
      ],
      [
        150,
        300
      ],
      [
        3.75,
        7.5
      ],
      [
        0,
        3
      ],
      [
        0,
        300
      ],
      [
        0,
        3
      ],
      [
        -15,
        -15
      ]
    ]
  ],
  [
    [
      [
        78.75,
        97.5
      ],
      [
        135,
        165
      ],
      [
        222.5,
        60
      ],
      [
        240,
        60
      ],
      [
        150,
        240
      ],
      [
        78.75,
        97.5
      ]
    ]
  ]
]
