[
  [
    [
      [
        0,
        0
      ],
      [
        300,
        0
      ],
      [
        270,
        150
      ],
      [
        300,
        300
      ],
      [
        150,
        300
      ],
      [
        0,
        300
      ]
    ]
  ],
  [
    [
      [
        150,
        120
      ],
      [
        203.33333333333331,
        133.33333333333334
      ],
      [
        184.28571428571428,
        171.42857142857142
      ],
      [
        150,
        180
      ],
      [
        150,
        120
      ]
    ]
  ],
  [
    [
      [
        218.57142857142858,
        162.85714285714286
      ],
      [
        230,
        140
      ],
      [
        270,
        150
      ],
      [
        218.57142857142858,
        162.85714285714286
      ]
    ]
  ]
]
