[
  [
    [
      [
        0,
        0
      ],
      [
        300,
        0
      ],
      [
        278.57142857142856,
        42.857142857142854
      ],
      [
        257.1428571428571,
        42.857142857142854
      ],
      [
        267.85714285714283,
        64.28571428571429
      ],
      [
        150,
        300
      ],
      [
        0,
        0
      ],
      [
        0,
        300
      ],
      [
        0,
        0
      ]
    ],
    [
      [
        42.857142857142854,
        42.857142857142854
      ],
      [
        128.57142857142856,
        42.857142857142854
      ],
      [
        120,
        60
      ],
      [
        240,
        60
      ],
      [
        150,
        240
      ],
      [
        90,
        119.99999999999999
      ],
      [
        85.71428571428571,
        128.57142857142856
      ],
      [
        42.857142857142854,
        42.857142857142854
      ]
    ]
  ]
]
