[
  [
    [
      [
        0,
        0
      ],
      [
        300,
        0
      ],
      [
        180,
        240
      ],
      [
        180,
        420
      ],
      [
        60,
        420
      ],
      [
        60,
        120
      ],
      [
        150,
        300
      ],
      [
        180,
        240
      ],
      [
        180,
        180
      ],
      [
        240,
        60
      ],
      [
        60,
        60
      ],
      [
        90,
        120
      ],
      [
        60,
        120
      ],
      [
        0,
        0
      ],
      [
        0,
        300
      ],
      [
        0,
        0
      ]
    ]
  ],
  [
    [
      [
        90,
        120
      ],
      [
        180,
        120
      ],
      [
        180,
        180
      ],
      [
        150,
        240
      ],
      [
        90,
        120
      ]
    ]
  ]
]
