[
  [
    [
      [
        -14.285714285714286,
        -14.285714285714286
      ],
      [
        285.7142857142857,
        -14.285714285714286
      ],
      [
        285.7142857142857,
        0
      ],
      [
        0,
        0
      ],
      [
        142.85714285714286,
        285.7142857142857
      ],
      [
        0,
        285.7142857142857
      ],
      [
        0,
        300
      ],
      [
        0,
        285.7142857142857
      ],
      [
        -14.285714285714286,
        285.7142857142857
      ],
      [
        -14.285714285714286,
        -14.285714285714286
      ]
    ]
  ],
  [
    [
      [
        0,
        0
      ],
      [
        0,
        285.7142857142857
      ],
      [
        0,
        0
      ]
    ],
    [
      [
        60,
        60
      ],
      [
        240,
        60
      ],
      [
        150,
        240
      ],
      [
        60,
        60
      ]
    ]
  ],
  [
    [
      [
        142.85714285714286,
        285.7142857142857
      ],
      [
        157.14285714285714,
        285.7142857142857
      ],
      [
        150,
        300
      ],
      [
        142.85714285714286,
        285.7142857142857
      ]
    ]
  ],
  [
    [
      [
        157.14285714285714,
        285.7142857142857
      ],
      [
        285.7142857142857,
        28.57142857142854
      ],
      [
        300,
        0
      ],
      [
        285.7142857142857,
        0
      ],
      [
        285.7142857142857,
        28.57142857142854
      ],
      [
        285.7142857142857,
        285.7142857142857
      ],
      [
        157.14285714285714,
        285.7142857142857
      ]
    ]
  ]
]
