[
  [
    [
      [
        0,
        0
      ],
      [
        300,
        0
      ],
      [
        211.36363636363637,
        177.27272727272725
      ],
      [
        189.54545454545456,
        160.9090909090909
      ],
      [
        240,
        60
      ],
      [
        60,
        60
      ],
      [
        75,
        90
      ],
      [
        75,
        150
      ],
      [
        0,
        0
      ],
      [
        0,
        300
      ],
      [
        0,
        0
      ]
    ],
    [
      [
        175,
        225
      ],
      [
        195,
        210
      ],
      [
        184.0909090909091,
        231.8181818181818
      ],
      [
        175,
        225
      ]
    ]
  ]
]
