[
  [
    [
      [
        0,
        0
      ],
      [
        300,
        0
      ],
      [
        268.75,
        62.5
      ],
      [
        362.5,
        62.5
      ],
      [
        362.5,
        187.5
      ],
      [
        243.45238095238096,
        113.0952380952381
      ],
      [
        150,
        300
      ],
      [
        0,
        0
      ],
      [
        0,
        300
      ],
      [
        0,
        0
      ]
    ],
    [
      [
        60,
        60
      ],
      [
        240,
        60
      ],
      [
        238.75,
        62.5
      ],
      [
        237.5,
        62.5
      ],
      [
        232.5,
        75.00000000000001
      ],
      [
        220.5952380952381,
        98.80952380952381
      ],
      [
        162.5,
        62.5
      ],
      [
        237.5,
        62.5
      ],
      [
        62.5,
        62.5
      ],
      [
        180,
        180
      ],
      [
        150,
        240
      ],
      [
        60,
        60
      ]
    ]
  ]
]
