[
  [
    [
      [
        180,
        180
      ],
      [
        220.5952380952381,
        98.80952380952381
      ],
      [
        222.5,
        100
      ],
      [
        187.5,
        187.5
      ],
      [
        180,
        180
      ]
    ]
  ],
  [
    [
      [
        222.5,
        100
      ],
      [
        232.5,
        75.00000000000001
      ],
      [
        238.75,
        62.5
      ],
      [
        268.75,
        62.5
      ],
      [
        243.45238095238096,
        113.0952380952381
      ],
      [
        222.5,
        100
      ]
    ]
  ]
]
