[
  [
    [
      [
        0,
        0
      ],
      [
        300,
        0
      ],
      [
        180,
        240
      ],
      [
        180,
        420
      ],
      [
        60,
        420
      ],
      [
        60,
        120
      ],
      [
        0,
        0
      ],
      [
        0,
        300
      ],
      [
        0,
        0
      ]
    ],
    [
      [
        60,
        60
      ],
      [
        240,
        60
      ],
      [
        180,
        180
      ],
      [
        180,
        120
      ],
      [
        90,
        120
      ],
      [
        60,
        60
      ]
    ]
  ]
]
