[
  [
    [
      [
        0,
        150
      ],
      [
        0,
        300
      ],
      [
        0,
        150
      ]
    ]
  ],
  [
    [
      [
        0.3531073446327684,
        0
      ],
      [
        300,
        0
      ],
      [
        150,
        300
      ],
      [
        0.3531073446327684,
        0.7062146892655368
      ],
      [
        0.3531073446327684,
        0
      ]
    ],
    [
      [
        60,
        60
      ],
      [
        240,
        60
      ],
      [
        150,
        240
      ],
      [
        60,
        60
      ]
    ]
  ]
]
