[
  [
    [
      [
        0,
        0
      ],
      [
        300,
        0
      ],
      [
        278.57142857142856,
        42.857142857142854
      ],
      [
        342.85714285714283,
        42.857142857142854
      ],
      [
        300,
        128.57142857142856
      ],
      [
        267.85714285714283,
        64.28571428571429
      ],
      [
        150,
        300
      ],
      [
        0,
        0
      ],
      [
        0,
        300
      ],
      [
        0,
        0
      ]
    ]
  ],
  [
    [
      [
        90,
        119.99999999999999
      ],
      [
        120,
        60
      ],
      [
        240,
        60
      ],
      [
        150,
        240
      ],
      [
        90,
        119.99999999999999
      ]
    ]
  ]
]
