[
  [
    [
      [
        3.75,
        7.5
      ],
      [
        66.25,
        82.5
      ],
      [
        150,
        250
      ],
      [
        250,
        50
      ],
      [
        230.83333333333337,
        50
      ],
      [
        272.5,
        0
      ],
      [
        300,
        0
      ],
      [
        150,
        300
      ],
      [
        3.75,
        7.5
      ]
    ]
  ],
  [
    [
      [
        128.75,
        157.5
      ],
      [
        135,
        165
      ],
      [
        189.16666666666669,
        100
      ],
      [
        200,
        100
      ],
      [
        150,
        200
      ],
      [
        128.75,
        157.5
      ]
    ]
  ]
]
