[
  [
    [
      [
        0,
        0
      ],
      [
        300,
        0
      ],
      [
        180,
        240
      ],
      [
        180,
        420
      ],
      [
        60,
        420
      ],
      [
        60,
        120
      ],
      [
        0,
        0
      ]
    ],
    [
      [
        50,
        50
      ],
      [
        250,
        50
      ],
      [
        180,
        190
      ],
      [
        180,
        140
      ],
      [
        200,
        100
      ],
      [
        100,
        100
      ],
      [
        110,
        120
      ],
      [
        85,
        120
      ],
      [
        50,
        50
      ]
    ]
  ]
]
