[
  [
    [
      [
        25,
        25
      ],
      [
        137.5,
        25
      ],
      [
        137.5,
        137.5
      ],
      [
        100,
        100
      ],
      [
        85.71428571428571,
        128.57142857142856
      ],
      [
        42.857142857142854,
        42.857142857142854
      ],
      [
        25,
        25
      ]
    ],
    [
      [
        162.5,
        25
      ],
      [
        325,
        25
      ],
      [
        325,
        42.857142857142854
      ],
      [
        342.85714285714283,
        42.857142857142854
      ],
      [
        325,
        78.57142857142853
      ],
      [
        325,
        212.5
      ],
      [
        162.5,
        212.5
      ],
      [
        162.5,
        25
      ]
    ]
  ]
]
