[
  [
    [
      [
        37.5,
        37.5
      ],
      [
        42.857142857142854,
        42.857142857142854
      ],
      [
        128.57142857142856,
        42.857142857142854
      ],
      [
        99.99999999999997,
        99.99999999999997
      ],
      [
        150,
        150
      ],
      [
        37.5,
        262.5
      ],
      [
        37.5,
        37.5
      ]
    ]
  ],
  [
    [
      [
        42.857142857142854,
        42.857142857142854
      ],
      [
        99.99999999999997,
        99.99999999999997
      ],
      [
        85.71428571428571,
        128.57142857142856
      ],
      [
        42.857142857142854,
        42.857142857142854
      ]
    ]
  ],
  [
    [
      [
        150,
        150
      ],
      [
        187.5,
        112.5
      ],
      [
        225,
        75
      ],
      [
        257.1428571428571,
        42.85714285714289
      ],
      [
        257.14285714285717,
        42.857142857142854
      ],
      [
        262.5,
        37.5
      ],
      [
        262.5,
        42.857142857142854
      ],
      [
        257.14285714285717,
        42.857142857142854
      ],
      [
        257.1428571428571,
        42.857142857142854
      ],
      [
        257.1428571428571,
        42.85714285714289
      ],
      [
        262.5,
        53.571428571428655
      ],
      [
        300,
        128.57142857142856
      ],
      [
        342.85714285714283,
        42.857142857142854
      ],
      [
        262.5,
        42.857142857142854
      ],
      [
        262.5,
        53.571428571428655
      ],
      [
        262.5,
        262.5
      ],
      [
        225,
        225
      ],
      [
        225,
        300
      ],
      [
        187.5,
        300
      ],
      [
        187.5,
        187.5
      ],
      [
        225,
        225
      ],
      [
        225,
        75
      ],
      [
        225,
        0
      ],
      [
        187.5,
        0
      ],
      [
        187.5,
        112.5
      ],
      [
        187.5,
        187.5
      ],
      [
        150,
        150
      ]
    ]
  ]
]
