[
  [
    [
      [
        42.857142857142854,
        42.857142857142854
      ],
      [
        114.28571428571428,
        42.857142857142854
      ],
      [
        119.99999999999999,
        59.999999999999986
      ],
      [
        85.71428571428571,
        128.57142857142856
      ],
      [
        42.857142857142854,
        42.857142857142854
      ]
    ],
    [
      [
        257.1428571428571,
        42.857142857142854
      ],
      [
        342.85714285714283,
        42.857142857142854
      ],
      [
        300,
        128.57142857142856
      ],
      [
        300,
        100
      ],
      [
        287.7551020408163,
        104.08163265306122
      ],
      [
        257.1428571428571,
        42.857142857142854
      ]
    ]
  ]
]
