[
  [
    [
      [
        0,
        0
      ],
      [
        300,
        0
      ],
      [
        270,
        150
      ],
      [
        300,
        300
      ],
      [
        150,
        300
      ],
      [
        0,
        300
      ],
      [
        0,
        0
      ]
    ]
  ],
  [
    [
      [
        161.42857142857142,
        177.14285714285714
      ],
      [
        185.55555555555554,
        128.88888888888889
      ],
      [
        207.77777777777777,
        134.44444444444446
      ],
      [
        190,
        170
      ],
      [
        161.42857142857142,
        177.14285714285714
      ]
    ]
  ],
  [
    [
      [
        218.57142857142858,
        162.85714285714286
      ],
      [
        230,
        140
      ],
      [
        270,
        150
      ],
      [
        218.57142857142858,
        162.85714285714286
      ]
    ]
  ]
]
