[
  [
    [
      [
        0,
        0
      ],
      [
        150,
        0
      ],
      [
        150,
        300
      ],
      [
        0,
        300
      ],
      [
        0,
        0
      ]
    ],
    [
      [
        257.1428571428571,
        42.857142857142854
      ],
      [
        342.85714285714283,
        42.857142857142854
      ],
      [
        300,
        128.57142857142856
      ],
      [
        257.1428571428571,
        42.857142857142854
      ]
    ]
  ]
]
