[
  [
    [
      [
        [
          [
            100,
            100
          ],
          [
            200,
            100
          ],
          [
            166.66666666666666,
            166.66666666666666
          ],
          [
            100,
            100
          ]
        ]
      ]
    ]
  ],
  [
    [
      [
        183.33333333333331,
        183.33333333333331
      ],
      [
        212.50000000000006,
        124.99999999999983
      ],
      [
        187.5,
        187.5
      ],
      [
        183.33333333333331,
        183.33333333333331
      ]
    ]
  ],
  [
    [
      [
        224.4047619047619,
        101.19047619047618
      ],
      [
        243.75,
        62.5
      ],
      [
        268.75,
        62.5
      ],
      [
        243.45238095238096,
        113.0952380952381
      ],
      [
        224.4047619047619,
        101.19047619047618
      ]
    ]
  ]
]
