[
  [
    [
      [
        42.857142857142854,
        42.857142857142854
      ],
      [
        128.57142857142856,
        42.857142857142854
      ],
      [
        85.71428571428571,
        128.57142857142856
      ],
      [
        42.857142857142854,
        42.857142857142854
      ]
    ],
    [
      [
        257.1428571428571,
        42.857142857142854
      ],
      [
        291.4285714285714,
        42.857142857142854
      ],
      [
        281.63265306122446,
        91.83673469387756
      ],
      [
        257.1428571428571,
        42.857142857142854
      ]
    ]
  ]
]
