[
  [
    [
      [
        0,
        0
      ],
      [
        150,
        300
      ],
      [
        0,
        300
      ],
      [
        0,
        0
      ]
    ],
    [
      [
        50,
        50
      ],
      [
        150,
        50
      ],
      [
        250,
        50
      ],
      [
        150,
        250
      ],
      [
        150,
        300
      ],
      [
        300,
        0
      ],
      [
        150,
        0
      ],
      [
        150,
        50
      ],
      [
        150,
        100
      ],
      [
        100,
        100
      ],
      [
        150,
        200
      ],
      [
        200,
        100
      ],
      [
        150,
        100
      ],
      [
        150,
        200
      ],
      [
        150,
        250
      ],
      [
        50,
        50
      ]
    ]
  ]
]
