[
  [
    [
      [
        0,
        0
      ],
      [
        300,
        0
      ],
      [
        211.36363636363637,
        177.27272727272725
      ],
      [
        225.00000000000003,
        187.5
      ],
      [
        195,
        210
      ],
      [
        184.0909090909091,
        231.8181818181818
      ],
      [
        225,
        262.5
      ],
      [
        75,
        375
      ],
      [
        75,
        150
      ],
      [
        0,
        0
      ]
    ],
    [
      [
        50,
        50
      ],
      [
        250,
        50
      ],
      [
        193.1818181818182,
        163.63636363636363
      ],
      [
        175,
        150
      ],
      [
        200,
        100
      ],
      [
        108.33333333333333,
        100
      ],
      [
        75,
        75
      ],
      [
        75,
        100
      ],
      [
        50,
        50
      ]
    ]
  ],
  [
    [
      [
        225,
        262.5
      ],
      [
        275,
        225
      ],
      [
        225.00000000000003,
        187.5
      ],
      [
        375,
        75
      ],
      [
        375,
        375
      ],
      [
        225,
        262.5
      ]
    ]
  ]
]
