[
  [
    [
      [
        70.58823529411765,
        141.1764705882353
      ],
      [
        85.29411764705884,
        120.58823529411767
      ],
      [
        145,
        240
      ],
      [
        120,
        240
      ],
      [
        70.58823529411765,
        141.1764705882353
      ]
    ]
  ],
  [
    [
      [
        100.00000000000001,
        100.00000000000003
      ],
      [
        100.00000000000003,
        100
      ],
      [
        200,
        99.99999999999999
      ],
      [
        200,
        100
      ],
      [
        150,
        200
      ],
      [
        100.00000000000001,
        100.00000000000003
      ]
    ]
  ],
  [
    [
      [
        135.71428571428572,
        50
      ],
      [
        150,
        30
      ],
      [
        164.28571428571428,
        50
      ],
      [
        135.71428571428572,
        50
      ]
    ]
  ],
  [
    [
      [
        155,
        240
      ],
      [
        214.7058823529412,
        120.58823529411765
      ],
      [
        229.41176470588235,
        141.17647058823528
      ],
      [
        180,
        240
      ],
      [
        155,
        240
      ]
    ]
  ]
]
