[
  [
    [
      [
        115.71428571428571,
        42.857142857142854
      ],
      [
        128.57142857142856,
        42.857142857142854
      ],
      [
        115.71428571428571,
        68.57142857142856
      ],
      [
        115.71428571428571,
        42.857142857142854
      ]
    ],
    [
      [
        257.1428571428571,
        42.857142857142854
      ],
      [
        265.7142857142857,
        42.857142857142854
      ],
      [
        261.4285714285714,
        51.42857142857146
      ],
      [
        257.1428571428571,
        42.857142857142854
      ]
    ]
  ],
  [
    [
      [
        267.1428571428571,
        62.85714285714287
      ],
      [
        287.1428571428571,
        42.857142857142854
      ],
      [
        330,
        42.857142857142854
      ],
      [
        330,
        68.57142857142853
      ],
      [
        300,
        128.57142857142856
      ],
      [
        267.1428571428571,
        62.85714285714287
      ]
    ]
  ]
]
