[
  [
    [
      [
        0,
        0
      ],
      [
        300,
        0
      ],
      [
        229.41176470588235,
        141.17647058823528
      ],
      [
        214.7058823529412,
        120.58823529411765
      ],
      [
        250,
        50
      ],
      [
        164.28571428571428,
        50
      ],
      [
        150,
        30
      ],
      [
        135.71428571428572,
        50
      ],
      [
        50,
        50
      ],
      [
        85.29411764705884,
        120.58823529411767
      ],
      [
        70.58823529411765,
        141.1764705882353
      ],
      [
        0,
        0
      ]
    ],
    [
      [
        100,
        100
      ],
      [
        100.00000000000003,
        100
      ],
      [
        100.00000000000001,
        100.00000000000003
      ],
      [
        100,
        100
      ]
    ]
  ],
  [
    [
      [
        120,
        240
      ],
      [
        145,
        240
      ],
      [
        150,
        250
      ],
      [
        155,
        240
      ],
      [
        180,
        240
      ],
      [
        150,
        300
      ],
      [
        120,
        240
      ]
    ]
  ]
]
