[
  [
    [
      [
        42.857142857142854,
        42.857142857142854
      ],
      [
        75,
        42.857142857142854
      ],
      [
        75,
        107.14285714285714
      ],
      [
        42.857142857142854,
        42.857142857142854
      ]
    ],
    [
      [
        257.1428571428571,
        42.857142857142854
      ],
      [
        342.85714285714283,
        42.857142857142854
      ],
      [
        300,
        128.57142857142856
      ],
      [
        257.1428571428571,
        42.857142857142854
      ]
    ]
  ]
]
