[
  [
    [
      [
        57.321428571428584,
        71.7857142857143
      ],
      [
        92.8125,
        114.375
      ],
      [
        85.71428571428571,
        128.57142857142856
      ],
      [
        57.321428571428584,
        71.7857142857143
      ]
    ],
    [
      [
        257.1428571428571,
        42.857142857142854
      ],
      [
        342.85714285714283,
        42.857142857142854
      ],
      [
        300,
        128.57142857142856
      ],
      [
        257.1428571428571,
        42.857142857142854
      ]
    ]
  ]
]
