[
  [
    [
      [
        42.857142857142854,
        42.857142857142854
      ],
      [
        99.99999999999997,
        99.99999999999997
      ],
      [
        85.71428571428571,
        128.57142857142856
      ],
      [
        42.857142857142854,
        42.857142857142854
      ]
    ]
  ],
  [
    [
      [
        257.1428571428571,
        42.85714285714289
      ],
      [
        257.14285714285717,
        42.857142857142854
      ],
      [
        262.5,
        42.857142857142854
      ],
      [
        262.5,
        53.571428571428655
      ],
      [
        257.1428571428571,
        42.85714285714289
      ]
    ]
  ]
]
