[
  [
    [
      [
        42.857142857142854,
        42.857142857142854
      ],
      [
        128.57142857142856,
        42.857142857142854
      ],
      [
        118.74999999999999,
        62.5
      ],
      [
        62.5,
        62.5
      ],
      [
        99.99999999999999,
        99.99999999999999
      ],
      [
        85.71428571428571,
        128.57142857142856
      ],
      [
        42.857142857142854,
        42.857142857142854
      ]
    ],
    [
      [
        257.1428571428571,
        42.857142857142854
      ],
      [
        342.85714285714283,
        42.857142857142854
      ],
      [
        333.0357142857143,
        62.5
      ],
      [
        266.96428571428567,
        62.5
      ],
      [
        257.1428571428571,
        42.857142857142854
      ]
    ]
  ]
]
