[
  [
    [
      [
        42.857142857142854,
        42.857142857142854
      ],
      [
        128.57142857142856,
        42.857142857142854
      ],
      [
        85.71428571428571,
        128.57142857142856
      ],
      [
        42.857142857142854,
        42.857142857142854
      ]
    ],
    [
      [
        257.1428571428571,
        42.857142857142854
      ],
      [
        342.85714285714283,
        42.857142857142854
      ],
      [
        300,
        128.57142857142856
      ],
      [
        257.1428571428571,
        42.857142857142854
      ]
    ]
  ],
  [
    [
      [
        0.3531073446327684,
        -150
      ],
      [
        -27.68361581920904,
        -150
      ],
      [
        -27.68361581920904,
        150
      ],
      [
        0.3531073446327684,
        150
      ],
      [
        0.3531073446327684,
        -150
      ]
    ]
  ]
]
