[
  [
    [
      [
        0,
        0
      ],
      [
        300,
        0
      ],
      [
        278.57142857142856,
        42.857142857142854
      ],
      [
        342.85714285714283,
        42.857142857142854
      ],
      [
        300,
        128.57142857142856
      ],
      [
        267.85714285714283,
        64.28571428571429
      ],
      [
        150,
        300
      ],
      [
        0,
        0
      ]
    ]
  ],
  [
    [
      [
        87.5,
        124.99999999999999
      ],
      [
        124.99999999999997,
        50
      ],
      [
        250,
        50
      ],
      [
        150,
        250
      ],
      [
        87.5,
        124.99999999999999
      ]
    ],
    [
      [
        100,
        100
      ],
      [
        200,
        100
      ],
      [
        150,
        200
      ],
      [
        100,
        100
      ]
    ]
  ]
]
