[
  [
    [
      [
        42.857142857142854,
        42.857142857142854
      ],
      [
        128.57142857142856,
        42.857142857142854
      ],
      [
        85.71428571428571,
        128.57142857142856
      ],
      [
        42.857142857142854,
        42.857142857142854
      ]
    ]
  ],
  [
    [
      [
        150,
        0
      ],
      [
        450,
        0
      ],
      [
        450,
        300
      ],
      [
        150,
        300
      ],
      [
        150,
        0
      ]
    ]
  ]
]
