[
  [
    [
      [
        42.857142857142854,
        42.857142857142854
      ],
      [
        100,
        100
      ],
      [
        85.71428571428571,
        128.57142857142856
      ],
      [
        42.857142857142854,
        42.857142857142854
      ]
    ]
  ],
  [
    [
      [
        325,
        42.857142857142854
      ],
      [
        342.85714285714283,
        42.857142857142854
      ],
      [
        325,
        78.57142857142853
      ],
      [
        325,
        42.857142857142854
      ]
    ]
  ]
]
