[
  [
    [
      [
        0,
        100
      ],
      [
        150,
        150
      ],
      [
        0,
        200
      ],
      [
        0,
        100
      ]
    ]
  ],
  [
    [
      [
        100,
        0
      ],
      [
        150,
        0
      ],
      [
        100,
        0
      ],
      [
        150,
        150
      ],
      [
        100,
        300
      ],
      [
        150,
        300
      ],
      [
        150,
        150
      ],
      [
        150,
        0
      ]
    ]
  ]
]
