[
  [
    [
      [
        0,
        0
      ],
      [
        75,
        0
      ],
      [
        225,
        0
      ],
      [
        300,
        0
      ],
      [
        225,
        150
      ],
      [
        225,
        300
      ],
      [
        150,
        300
      ],
      [
        75,
        300
      ],
      [
        75,
        150
      ],
      [
        0,
        0
      ]
    ],
    [
      [
        50,
        50
      ],
      [
        75,
        50
      ],
      [
        75,
        100
      ],
      [
        50,
        50
      ]
    ]
  ],
  [
    [
      [
        225,
        50
      ],
      [
        250,
        50
      ],
      [
        225,
        100
      ],
      [
        225,
        50
      ]
    ]
  ]
]
