[
  [
    [
      [
        75,
        0
      ],
      [
        225,
        0
      ],
      [
        225,
        187.5
      ],
      [
        75,
        75
      ],
      [
        75,
        0
      ]
    ],
    [
      [
        175,
        225
      ],
      [
        225,
        187.5
      ],
      [
        225,
        262.5
      ],
      [
        175,
        225
      ]
    ]
  ],
  [
    [
      [
        175,
        300
      ],
      [
        225,
        262.5
      ],
      [
        225,
        300
      ],
      [
        175,
        300
      ]
    ]
  ]
]
