[
  [
    [
      [
        0,
        0
      ],
      [
        75,
        0
      ],
      [
        75,
        300
      ],
      [
        0,
        300
      ],
      [
        0,
        0
      ]
    ]
  ],
  [
    [
      [
        150,
        120
      ],
      [
        225,
        138.75
      ],
      [
        270,
        150
      ],
      [
        225,
        161.25
      ],
      [
        225,
        300
      ],
      [
        300,
        300
      ],
      [
        270,
        150
      ],
      [
        300,
        0
      ],
      [
        225,
        0
      ],
      [
        225,
        138.75
      ],
      [
        225,
        161.25
      ],
      [
        150,
        180
      ],
      [
        150,
        120
      ]
    ]
  ]
]
