[
  [
    [
      [
        75,
        75
      ],
      [
        150,
        150
      ],
      [
        75,
        225
      ],
      [
        75,
        75
      ]
    ]
  ],
  [
    [
      [
        150,
        150
      ],
      [
        187.5,
        112.5
      ],
      [
        225,
        75
      ],
      [
        225,
        0
      ],
      [
        187.5,
        0
      ],
      [
        187.5,
        112.5
      ],
      [
        187.5,
        187.5
      ],
      [
        150,
        150
      ]
    ]
  ],
  [
    [
      [
        187.5,
        0
      ],
      [
        225,
        0
      ],
      [
        225,
        300
      ],
      [
        225,
        225
      ],
      [
        187.5,
        187.5
      ],
      [
        187.5,
        300
      ]
    ]
  ]
]
