[
  [
    [
      [
        105,
        255
      ],
      [
        150,
        255
      ],
      [
        405,
        255
      ],
      [
        360,
        300
      ],
      [
        450,
        300
      ],
      [
        450,
        0
      ],
      [
        150,
        0
      ],
      [
        150,
        255
      ],
      [
        150,
        300
      ],
      [
        105,
        255
      ]
    ]
  ],
  [
    [
      [
        150,
        300
      ],
      [
        360,
        300
      ],
      [
        255,
        405
      ],
      [
        150,
        300
      ]
    ]
  ]
]
