[
  [
    [
      [
        75,
        50
      ],
      [
        225,
        50
      ],
      [
        225,
        100
      ],
      [
        150,
        250
      ],
      [
        75,
        100
      ],
      [
        75,
        50
      ]
    ]
  ],
  [
    [
      [
        75,
        150
      ],
      [
        150,
        300
      ],
      [
        75,
        300
      ],
      [
        75,
        150
      ]
    ],
    [
      [
        100,
        100
      ],
      [
        200,
        100
      ],
      [
        150,
        200
      ],
      [
        100,
        100
      ]
    ],
    [
      [
        150,
        300
      ],
      [
        225,
        150
      ],
      [
        225,
        300
      ],
      [
        150,
        300
      ]
    ]
  ]
]
