[
  [
    [
      [
        0,
        0
      ],
      [
        75,
        0
      ],
      [
        225,
        0
      ],
      [
        300,
        0
      ],
      [
        225,
        150
      ],
      [
        225,
        300
      ],
      [
        150,
        300
      ],
      [
        75,
        300
      ],
      [
        75,
        150
      ],
      [
        0,
        0
      ],
      [
        0,
        300
      ],
      [
        0,
        0
      ]
    ],
    [
      [
        60,
        60
      ],
      [
        75,
        60
      ],
      [
        75,
        90
      ],
      [
        60,
        60
      ]
    ]
  ],
  [
    [
      [
        225,
        60
      ],
      [
        240,
        60
      ],
      [
        225,
        90
      ],
      [
        225,
        60
      ]
    ]
  ]
]
