[
  [
    [
      [
        75,
        0
      ],
      [
        225,
        0
      ],
      [
        225,
        255
      ],
      [
        105,
        255
      ],
      [
        150,
        300
      ],
      [
        75,
        300
      ],
      [
        75,
        0
      ]
    ]
  ],
  [
    [
      [
        150,
        300
      ],
      [
        225,
        300
      ],
      [
        225,
        255
      ],
      [
        405,
        255
      ],
      [
        255,
        405
      ],
      [
        150,
        300
      ]
    ]
  ]
]
