[
  [
    [
      [
        75,
        0
      ],
      [
        225,
        0
      ],
      [
        225,
        25
      ],
      [
        162.5,
        25
      ],
      [
        162.5,
        212.5
      ],
      [
        225,
        212.5
      ],
      [
        225,
        300
      ],
      [
        75,
        300
      ],
      [
        75,
        75
      ],
      [
        137.5,
        137.5
      ],
      [
        137.5,
        25
      ],
      [
        75,
        25
      ],
      [
        75,
        0
      ]
    ]
  ]
]
