[
  [
    [
      [
        0,
        0
      ],
      [
        150,
        0
      ],
      [
        150,
        60
      ],
      [
        60,
        60
      ],
      [
        150,
        240
      ],
      [
        240,
        60
      ],
      [
        150,
        60
      ],
      [
        150,
        240
      ],
      [
        150,
        300
      ],
      [
        0,
        0
      ],
      [
        0,
        300
      ],
      [
        0,
        0
      ]
    ]
  ],
  [
    [
      [
        150,
        300
      ],
      [
        300,
        0
      ],
      [
        450,
        0
      ],
      [
        450,
        300
      ],
      [
        150,
        300
      ]
    ]
  ]
]
