[
  [
    [
      [
        75,
        125
      ],
      [
        150,
        150
      ],
      [
        75,
        175
      ],
      [
        75,
        125
      ]
    ]
  ],
  [
    [
      [
        100,
        0
      ],
      [
        200,
        0
      ],
      [
        100,
        0
      ],
      [
        150,
        150
      ],
      [
        100,
        300
      ],
      [
        200,
        300
      ],
      [
        150,
        150
      ],
      [
        225,
        175
      ],
      [
        225,
        125
      ],
      [
        150,
        150
      ],
      [
        200,
        0
      ]
    ]
  ]
]
