[
  [
    [
      [
        62.5,
        62.5
      ],
      [
        75,
        62.5
      ],
      [
        225,
        62.5
      ],
      [
        237.5,
        62.5
      ],
      [
        225,
        93.75
      ],
      [
        225,
        101.5625
      ],
      [
        222.5,
        100
      ],
      [
        225,
        93.75
      ],
      [
        225,
        62.5
      ],
      [
        225,
        0
      ],
      [
        75,
        0
      ],
      [
        75,
        62.5
      ],
      [
        75,
        75
      ],
      [
        62.5,
        62.5
      ]
    ]
  ],
  [
    [
      [
        75,
        75
      ],
      [
        187.5,
        187.5
      ],
      [
        222.5,
        100
      ],
      [
        162.5,
        62.5
      ],
      [
        237.5,
        62.5
      ],
      [
        362.5,
        62.5
      ],
      [
        362.5,
        187.5
      ],
      [
        225,
        101.5625
      ],
      [
        225,
        300
      ],
      [
        75,
        300
      ],
      [
        75,
        75
      ]
    ]
  ]
]
