[
  [
    [
      [
        62.5,
        62.5
      ],
      [
        150,
        62.5
      ],
      [
        150,
        0
      ],
      [
        300,
        0
      ],
      [
        300,
        62.5
      ],
      [
        362.5,
        62.5
      ],
      [
        362.5,
        187.5
      ],
      [
        300,
        148.4375
      ],
      [
        300,
        300
      ],
      [
        150,
        300
      ],
      [
        150,
        150
      ],
      [
        62.5,
        62.5
      ]
    ]
  ]
]
