[
  [
    [
      [
        0,
        100
      ],
      [
        75,
        125
      ],
      [
        75,
        0
      ],
      [
        100,
        0
      ],
      [
        200,
        0
      ],
      [
        225,
        0
      ],
      [
        225,
        125
      ],
      [
        300,
        100
      ],
      [
        300,
        200
      ],
      [
        225,
        175
      ],
      [
        225,
        300
      ],
      [
        200,
        300
      ],
      [
        100,
        300
      ],
      [
        75,
        300
      ],
      [
        75,
        175
      ],
      [
        0,
        200
      ],
      [
        0,
        100
      ]
    ]
  ]
]
