[
  [
    [
      [
        0,
        0
      ],
      [
        150,
        0
      ],
      [
        150,
        30
      ],
      [
        0,
        240
      ],
      [
        150,
        240
      ],
      [
        300,
        240
      ],
      [
        150,
        30
      ],
      [
        150,
        240
      ],
      [
        150,
        300
      ],
      [
        0,
        300
      ],
      [
        0,
        240
      ],
      [
        0,
        0
      ]
    ]
  ]
]
