[
  [
    [
      [
        75,
        0
      ],
      [
        225,
        0
      ],
      [
        225,
        60
      ],
      [
        75,
        60
      ],
      [
        75,
        0
      ]
    ]
  ],
  [
    [
      [
        75,
        90
      ],
      [
        150,
        240
      ],
      [
        225,
        90
      ],
      [
        225,
        150
      ],
      [
        150,
        300
      ],
      [
        75,
        150
      ],
      [
        75,
        90
      ]
    ]
  ]
]
