[
  [
    [
      [
        37.5,
        37.5
      ],
      [
        120,
        120
      ],
      [
        180,
        120
      ],
      [
        187.5,
        112.5
      ],
      [
        225,
        75
      ],
      [
        262.5,
        37.5
      ],
      [
        262.5,
        262.5
      ],
      [
        225,
        225
      ],
      [
        225,
        300
      ],
      [
        187.5,
        300
      ],
      [
        187.5,
        187.5
      ],
      [
        225,
        225
      ],
      [
        225,
        75
      ],
      [
        225,
        0
      ],
      [
        187.5,
        0
      ],
      [
        187.5,
        112.5
      ],
      [
        187.5,
        187.5
      ],
      [
        180,
        180
      ],
      [
        180,
        420
      ],
      [
        60,
        420
      ],
      [
        60,
        240
      ],
      [
        37.5,
        262.5
      ],
      [
        37.5,
        37.5
      ]
    ]
  ]
]
