[
  [
    [
      [
        150,
        150
      ],
      [
        187.5,
        112.5
      ],
      [
        187.5,
        62.5
      ],
      [
        187.5,
        187.5
      ],
      [
        222.5,
        99.99999999999999
      ],
      [
        225,
        93.74999999999999
      ],
      [
        237.5,
        62.5
      ],
      [
        262.5,
        62.5
      ],
      [
        262.5,
        124.99999999999999
      ],
      [
        225,
        101.56249999999999
      ],
      [
        222.5,
        99.99999999999999
      ],
      [
        208.65384615384616,
        91.34615384615384
      ],
      [
        225,
        75
      ],
      [
        225,
        300
      ],
      [
        187.5,
        187.5
      ],
      [
        187.5,
        300
      ]
    ]
  ],
  [
    [
      [
        225,
        93.74999999999999
      ],
      [
        225,
        101.56249999999999
      ]
    ]
  ]
]
