[
  [
    [
      [
        0,
        240
      ],
      [
        37.5,
        187.5
      ],
      [
        37.5,
        37.5
      ],
      [
        100,
        100
      ],
      [
        150,
        30
      ],
      [
        187.5,
        82.5
      ],
      [
        187.5,
        0
      ],
      [
        225,
        0
      ],
      [
        225,
        75
      ],
      [
        200,
        100
      ],
      [
        225,
        135
      ],
      [
        225,
        75
      ],
      [
        262.5,
        37.5
      ],
      [
        262.5,
        187.5
      ],
      [
        300,
        240
      ],
      [
        262.5,
        240
      ],
      [
        262.5,
        262.5
      ],
      [
        240,
        240
      ],
      [
        225,
        240
      ],
      [
        225,
        300
      ],
      [
        187.5,
        300
      ],
      [
        187.5,
        240
      ],
      [
        60,
        240
      ],
      [
        37.5,
        262.5
      ],
      [
        37.5,
        240
      ],
      [
        0,
        240
      ]
    ]
  ]
]
