[
  [
    [
      [
        0,
        0
      ],
      [
        187.5,
        0
      ],
      [
        187.5,
        60
      ],
      [
        60,
        60
      ],
      [
        150,
        150
      ],
      [
        120,
        180
      ],
      [
        150,
        240
      ],
      [
        180,
        180
      ],
      [
        187.5,
        165
      ],
      [
        225,
        90
      ],
      [
        240,
        60
      ],
      [
        262.5,
        37.5
      ],
      [
        262.5,
        75
      ],
      [
        225,
        150
      ],
      [
        225,
        225
      ],
      [
        200,
        200
      ],
      [
        225,
        150
      ],
      [
        225,
        90
      ],
      [
        225,
        75
      ],
      [
        240,
        60
      ],
      [
        225,
        60
      ],
      [
        225,
        75
      ],
      [
        187.5,
        112.5
      ],
      [
        187.5,
        165
      ],
      [
        187.5,
        187.5
      ],
      [
        180,
        180
      ],
      [
        150,
        150
      ],
      [
        187.5,
        112.5
      ],
      [
        187.5,
        60
      ],
      [
        225,
        60
      ],
      [
        225,
        0
      ],
      [
        300,
        0
      ],
      [
        262.5,
        75
      ],
      [
        262.5,
        262.5
      ],
      [
        225,
        225
      ],
      [
        225,
        300
      ],
      [
        187.5,
        300
      ],
      [
        187.5,
        225
      ],
      [
        200,
        200
      ],
      [
        187.5,
        187.5
      ],
      [
        187.5,
        225
      ],
      [
        150,
        300
      ],
      [
        100,
        200
      ],
      [
        120,
        180
      ],
      [
        60,
        60
      ],
      [
        37.5,
        37.5
      ],
      [
        37.5,
        75
      ],
      [
        0,
        0
      ],
      [
        0,
        300
      ],
      [
        0,
        0
      ]
    ]
  ],
  [
    [
      [
        37.5,
        75
      ],
      [
        100,
        200
      ],
      [
        37.5,
        262.5
      ],
      [
        37.5,
        75
      ]
    ]
  ]
]
