[
  [
    [
      [
        150,
        150
      ],
      [
        174,
        126
      ],
      [
        187.5,
        129.375
      ],
      [
        187.5,
        170.625
      ],
      [
        174,
        174
      ],
      [
        150,
        150
      ]
    ]
  ],
  [
    [
      [
        225,
        138.75
      ],
      [
        262.5,
        148.125
      ],
      [
        262.5,
        151.875
      ],
      [
        225,
        161.25
      ],
      [
        225,
        138.75
      ]
    ]
  ]
]
