[
  [
    [
      [
        37.5,
        37.5
      ],
      [
        148.63636363636363,
        148.63636363636363
      ],
      [
        135,
        165
      ],
      [
        37.5,
        48
      ],
      [
        37.5,
        37.5
      ]
    ],
    [
      [
        187.5,
        0
      ],
      [
        225,
        0
      ],
      [
        225,
        56.99999999999999
      ],
      [
        187.5,
        101.99999999999999
      ],
      [
        187.5,
        0
      ]
    ]
  ]
]
