[
  [
    [
      [
        37.5,
        85.71428571428571
      ],
      [
        64.28571428571428,
        85.71428571428571
      ],
      [
        42.857142857142854,
        107.14285714285714
      ],
      [
        37.5,
        93.75
      ],
      [
        37.5,
        85.71428571428571
      ]
    ]
  ],
  [
    [
      [
        115.71428571428571,
        115.71428571428572
      ],
      [
        150,
        150
      ],
      [
        115.71428571428571,
        184.28571428571428
      ],
      [
        115.71428571428571,
        115.71428571428572
      ]
    ]
  ],
  [
    [
      [
        150,
        150
      ],
      [
        178.28571428571428,
        121.7142857142857
      ],
      [
        180,
        128.57142857142856
      ],
      [
        182.85714285714286,
        117.14285714285711
      ],
      [
        187.5,
        112.49999999999997
      ],
      [
        225,
        74.99999999999999
      ],
      [
        262.5,
        37.5
      ],
      [
        262.5,
        49.28571428571429
      ],
      [
        244.28571428571428,
        85.71428571428571
      ],
      [
        262.5,
        67.49999999999997
      ],
      [
        262.5,
        146.78571428571428
      ],
      [
        244.28571428571428,
        128.57142857142856
      ],
      [
        244.28571428571428,
        171.42857142857142
      ],
      [
        262.5,
        171.42857142857142
      ],
      [
        262.5,
        214.28571428571428
      ],
      [
        225,
        214.28571428571428
      ],
      [
        225,
        74.99999999999999
      ],
      [
        225,
        0
      ],
      [
        187.5,
        0
      ],
      [
        187.5,
        42.857142857142854
      ],
      [
        201.42857142857142,
        42.857142857142854
      ],
      [
        187.5,
        98.57142857142853
      ],
      [
        187.5,
        112.49999999999997
      ],
      [
        187.5,
        187.5
      ],
      [
        150,
        150
      ]
    ]
  ],
  [
    [
      [
        187.5,
        0
      ],
      [
        225,
        0
      ],
      [
        187.5,
        214.28571428571428
      ],
      [
        187.5,
        187.5
      ],
      [
        214.28571428571428,
        214.28571428571428
      ]
    ]
  ]
]
