[
  [
    [
      [
        [
          [
            115.71428571428571,
            0
          ],
          [
            225,
            0
          ],
          [
            225,
            214.28571428571428
          ],
          [
            115.71428571428571,
            214.28571428571428
          ],
          [
            115.71428571428571,
            0
          ]
        ]
      ]
    ],
    [
      [
        158.57142857142856,
        42.857142857142854
      ],
      [
        201.42857142857142,
        42.857142857142854
      ],
      [
        180,
        128.57142857142856
      ],
      [
        158.57142857142856,
        42.857142857142854
      ]
    ]
  ]
]
