[
  [
    [
      [
        0,
        0
      ],
      [
        30,
        0
      ],
      [
        51.42857142857143,
        42.857142857142854
      ],
      [
        72.85714285714286,
        0
      ],
      [
        115.71428571428571,
        0
      ],
      [
        115.71428571428571,
        50
      ],
      [
        50,
        50
      ],
      [
        115.71428571428571,
        181.42857142857142
      ],
      [
        132.14285714285714,
        214.28571428571428
      ],
      [
        115.71428571428571,
        214.28571428571428
      ],
      [
        115.71428571428571,
        181.42857142857142
      ],
      [
        115.71428571428571,
        131.42857142857142
      ],
      [
        150,
        200
      ],
      [
        200,
        100
      ],
      [
        187.14285714285714,
        100
      ],
      [
        199.64285714285714,
        50
      ],
      [
        201.42857142857142,
        42.857142857142854
      ],
      [
        158.57142857142856,
        42.857142857142854
      ],
      [
        160.35714285714283,
        50
      ],
      [
        115.71428571428571,
        50
      ],
      [
        115.71428571428571,
        100
      ],
      [
        100,
        100
      ],
      [
        115.71428571428571,
        131.42857142857142
      ],
      [
        115.71428571428571,
        100
      ],
      [
        172.85714285714286,
        100
      ],
      [
        187.14285714285714,
        100
      ],
      [
        180,
        128.57142857142856
      ],
      [
        172.85714285714286,
        100
      ],
      [
        160.35714285714283,
        50
      ],
      [
        199.64285714285714,
        50
      ],
      [
        250,
        50
      ],
      [
        167.85714285714286,
        214.28571428571428
      ],
      [
        192.85714285714286,
        214.28571428571428
      ],
      [
        150,
        300
      ],
      [
        50,
        100
      ],
      [
        64.28571428571428,
        85.71428571428571
      ],
      [
        42.857142857142854,
        85.71428571428571
      ],
      [
        50,
        100
      ],
      [
        42.857142857142854,
        107.14285714285714
      ],
      [
        34.285714285714285,
        85.71428571428571
      ],
      [
        42.857142857142854,
        85.71428571428571
      ],
      [
        0,
        0
      ]
    ]
  ],
  [
    [
      [
        132.14285714285714,
        214.28571428571428
      ],
      [
        167.85714285714286,
        214.28571428571428
      ],
      [
        150,
        250
      ],
      [
        132.14285714285714,
        214.28571428571428
      ]
    ]
  ],
  [
    [
      [
        192.85714285714286,
        214.28571428571428
      ],
      [
        270,
        59.99999999999996
      ],
      [
        278.57142857142856,
        42.857142857142854
      ],
      [
        300,
        0
      ],
      [
        330,
        0
      ],
      [
        330,
        214.28571428571428
      ],
      [
        192.85714285714286,
        214.28571428571428
      ]
    ],
    [
      [
        244.28571428571428,
        85.71428571428571
      ],
      [
        265.7142857142857,
        42.857142857142854
      ],
      [
        278.57142857142856,
        42.857142857142854
      ],
      [
        287.1428571428571,
        42.857142857142854
      ],
      [
        270,
        59.99999999999996
      ],
      [
        244.28571428571428,
        85.71428571428571
      ]
    ],
    [
      [
        244.28571428571428,
        128.57142857142856
      ],
      [
        287.1428571428571,
        171.42857142857142
      ],
      [
        244.28571428571428,
        171.42857142857142
      ],
      [
        244.28571428571428,
        128.57142857142856
      ]
    ]
  ]
]
