[
  [
    [
      [
        30,
        0
      ],
      [
        72.85714285714286,
        0
      ],
      [
        51.42857142857143,
        42.857142857142854
      ],
      [
        30,
        0
      ]
    ]
  ],
  [
    [
      [
        42.857142857142854,
        85.71428571428571
      ],
      [
        64.28571428571428,
        85.71428571428571
      ],
      [
        50,
        100
      ],
      [
        42.857142857142854,
        85.71428571428571
      ]
    ],
    [
      [
        115.71428571428571,
        0
      ],
      [
        300,
        0
      ],
      [
        278.57142857142856,
        42.857142857142854
      ],
      [
        265.7142857142857,
        42.857142857142854
      ],
      [
        244.28571428571428,
        85.71428571428571
      ],
      [
        270,
        59.99999999999996
      ],
      [
        192.85714285714286,
        214.28571428571428
      ],
      [
        115.71428571428571,
        214.28571428571428
      ],
      [
        115.71428571428571,
        0
      ]
    ],
    [
      [
        158.57142857142856,
        42.857142857142854
      ],
      [
        201.42857142857142,
        42.857142857142854
      ],
      [
        180,
        128.57142857142856
      ],
      [
        158.57142857142856,
        42.857142857142854
      ]
    ]
  ]
]
