[
  [
    [
      [
        30,
        0
      ],
      [
        72.85714285714286,
        0
      ],
      [
        51.42857142857143,
        42.857142857142854
      ],
      [
        30,
        0
      ]
    ],
    [
      [
        34.285714285714285,
        85.71428571428571
      ],
      [
        64.28571428571428,
        85.71428571428571
      ],
      [
        42.857142857142854,
        107.14285714285714
      ],
      [
        34.285714285714285,
        85.71428571428571
      ]
    ],
    [
      [
        115.71428571428571,
        0
      ],
      [
        330,
        0
      ],
      [
        330,
        108.75000000000001
      ],
      [
        269.6938775510204,
        153.9795918367347
      ],
      [
        244.28571428571428,
        128.57142857142856
      ],
      [
        244.28571428571428,
        171.42857142857142
      ],
      [
        246.42857142857144,
        171.42857142857142
      ],
      [
        224.99999999999997,
        187.5
      ],
      [
        260.71428571428567,
        214.28571428571428
      ],
      [
        189.28571428571428,
        214.28571428571428
      ],
      [
        224.99999999999997,
        187.5
      ],
      [
        115.71428571428571,
        105.53571428571428
      ],
      [
        115.71428571428571,
        0
      ]
    ],
    [
      [
        158.57142857142856,
        42.857142857142854
      ],
      [
        201.42857142857142,
        42.857142857142854
      ],
      [
        180,
        128.57142857142856
      ],
      [
        158.57142857142856,
        42.857142857142854
      ]
    ],
    [
      [
        244.28571428571428,
        85.71428571428571
      ],
      [
        265.7142857142857,
        42.857142857142854
      ],
      [
        287.1428571428571,
        42.857142857142854
      ],
      [
        244.28571428571428,
        85.71428571428571
      ]
    ]
  ]
]
