[
  [
    [
      [
        0,
        0
      ],
      [
        30,
        0
      ],
      [
        72.85714285714286,
        0
      ],
      [
        115.71428571428571,
        0
      ],
      [
        300,
        0
      ],
      [
        330,
        0
      ],
      [
        330,
        214.28571428571428
      ],
      [
        282.85714285714283,
        214.28571428571428
      ],
      [
        300,
        300
      ],
      [
        0,
        300
      ],
      [
        0,
        0
      ]
    ]
  ],
  [
    [
      [
        179.71428571428572,
        127.42857142857142
      ],
      [
        180.25210084033614,
        127.56302521008402
      ],
      [
        180,
        128.57142857142856
      ],
      [
        179.71428571428572,
        127.42857142857142
      ]
    ]
  ],
  [
    [
      [
        244.28571428571428,
        143.57142857142856
      ],
      [
        264.2857142857143,
        148.57142857142856
      ],
      [
        266.57142857142856,
        150.85714285714286
      ],
      [
        244.28571428571428,
        156.42857142857144
      ],
      [
        244.28571428571428,
        143.57142857142856
      ]
    ]
  ],
  [
    [
      [
        271.07142857142856,
        155.3571428571429
      ],
      [
        287.1428571428571,
        171.42857142857142
      ],
      [
        274.2857142857143,
        171.42857142857142
      ],
      [
        271.07142857142856,
        155.3571428571429
      ]
    ]
  ]
]
