[
  [
    [
      [
        30,
        0
      ],
      [
        72.85714285714286,
        0
      ],
      [
        51.42857142857143,
        42.857142857142854
      ],
      [
        30,
        0
      ]
    ],
    [
      [
        115.71428571428571,
        0
      ],
      [
        272.5,
        0
      ],
      [
        186.27551020408163,
        103.46938775510202
      ],
      [
        201.42857142857142,
        42.857142857142854
      ],
      [
        158.57142857142856,
        42.857142857142854
      ],
      [
        176.62087912087912,
        115.05494505494502
      ],
      [
        135,
        165
      ],
      [
        115.71428571428571,
        141.8571428571429
      ],
      [
        115.71428571428571,
        0
      ]
    ]
  ]
]
