[
  [
    [
      [
        150,
        0
      ],
      [
        330,
        0
      ],
      [
        330,
        214.28571428571428
      ],
      [
        150,
        214.28571428571428
      ],
      [
        150,
        0
      ]
    ],
    [
      [
        158.57142857142856,
        42.857142857142854
      ],
      [
        201.42857142857142,
        42.857142857142854
      ],
      [
        180,
        128.57142857142856
      ],
      [
        158.57142857142856,
        42.857142857142854
      ]
    ],
    [
      [
        244.28571428571428,
        85.71428571428571
      ],
      [
        265.7142857142857,
        42.857142857142854
      ],
      [
        287.1428571428571,
        42.857142857142854
      ],
      [
        244.28571428571428,
        85.71428571428571
      ]
    ],
    [
      [
        244.28571428571428,
        128.57142857142856
      ],
      [
        287.1428571428571,
        171.42857142857142
      ],
      [
        244.28571428571428,
        171.42857142857142
      ],
      [
        244.28571428571428,
        128.57142857142856
      ]
    ]
  ]
]
