[
  [
    [
      [
        30,
        0
      ],
      [
        72.85714285714286,
        0
      ],
      [
        60.35714285714286,
        25.000000000000004
      ],
      [
        42.5,
        25.000000000000004
      ],
      [
        30,
        0
      ]
    ],
    [
      [
        34.285714285714285,
        85.71428571428571
      ],
      [
        64.28571428571428,
        85.71428571428571
      ],
      [
        42.857142857142854,
        107.14285714285714
      ],
      [
        34.285714285714285,
        85.71428571428571
      ]
    ],
    [
      [
        115.71428571428571,
        0
      ],
      [
        330,
        0
      ],
      [
        330,
        214.28571428571428
      ],
      [
        115.71428571428571,
        214.28571428571428
      ],
      [
        115.71428571428571,
        115.7142857142857
      ],
      [
        137.5,
        137.5
      ],
      [
        137.5,
        25
      ],
      [
        115.71428571428571,
        25
      ],
      [
        115.71428571428571,
        0
      ]
    ],
    [
      [
        158.57142857142856,
        42.857142857142854
      ],
      [
        162.5,
        42.857142857142854
      ],
      [
        162.5,
        25
      ],
      [
        325,
        25
      ],
      [
        325,
        212.5
      ],
      [
        162.5,
        212.5
      ],
      [
        162.5,
        58.57142857142862
      ],
      [
        158.57142857142856,
        42.857142857142854
      ]
    ]
  ]
]
