[
  [
    [
      [
        0,
        100
      ],
      [
        115.71428571428571,
        138.57142857142856
      ],
      [
        115.71428571428571,
        47.14285714285713
      ],
      [
        100,
        0
      ],
      [
        115.71428571428571,
        0
      ],
      [
        200,
        0
      ],
      [
        330,
        0
      ],
      [
        330,
        214.28571428571428
      ],
      [
        171.42857142857142,
        214.28571428571428
      ],
      [
        200,
        300
      ],
      [
        100,
        300
      ],
      [
        128.57142857142858,
        214.28571428571428
      ],
      [
        115.71428571428571,
        214.28571428571428
      ],
      [
        115.71428571428571,
        161.42857142857144
      ],
      [
        0,
        200
      ],
      [
        0,
        100
      ]
    ]
  ],
  [
    [
      [
        30,
        0
      ],
      [
        72.85714285714286,
        0
      ],
      [
        51.42857142857143,
        42.857142857142854
      ],
      [
        30,
        0
      ]
    ],
    [
      [
        34.285714285714285,
        85.71428571428571
      ],
      [
        64.28571428571428,
        85.71428571428571
      ],
      [
        42.857142857142854,
        107.14285714285714
      ],
      [
        34.285714285714285,
        85.71428571428571
      ]
    ]
  ],
  [
    [
      [
        170.20408163265307,
        89.38775510204083
      ],
      [
        185.71428571428572,
        42.857142857142854
      ],
      [
        201.42857142857142,
        42.857142857142854
      ],
      [
        180,
        128.57142857142856
      ],
      [
        170.20408163265307,
        89.38775510204083
      ]
    ],
    [
      [
        244.28571428571428,
        85.71428571428571
      ],
      [
        265.7142857142857,
        42.857142857142854
      ],
      [
        287.1428571428571,
        42.857142857142854
      ],
      [
        244.28571428571428,
        85.71428571428571
      ]
    ]
  ]
]
