[
  [
    [
      [
        30,
        0
      ],
      [
        72.85714285714286,
        0
      ],
      [
        51.42857142857143,
        42.857142857142854
      ],
      [
        30,
        0
      ]
    ],
    [
      [
        34.285714285714285,
        85.71428571428571
      ],
      [
        64.28571428571428,
        85.71428571428571
      ],
      [
        42.857142857142854,
        107.14285714285714
      ],
      [
        34.285714285714285,
        85.71428571428571
      ]
    ],
    [
      [
        115.71428571428571,
        0
      ],
      [
        150,
        0
      ],
      [
        330,
        0
      ],
      [
        115.71428571428571,
        214.28571428571428
      ],
      [
        115.71428571428571,
        0
      ]
    ],
    [
      [
        150,
        0
      ],
      [
        150,
        214.28571428571428
      ]
    ]
  ]
]
