[
  [
    [
      [
        30,
        0
      ],
      [
        72.85714285714286,
        0
      ],
      [
        51.42857142857143,
        42.857142857142854
      ],
      [
        30,
        0
      ]
    ],
    [
      [
        34.285714285714285,
        85.71428571428571
      ],
      [
        37.5,
        85.71428571428571
      ],
      [
        37.5,
        93.75
      ],
      [
        34.285714285714285,
        85.71428571428571
      ]
    ],
    [
      [
        115.71428571428571,
        0
      ],
      [
        187.5,
        0
      ],
      [
        225,
        0
      ],
      [
        330,
        0
      ],
      [
        330,
        214.28571428571428
      ],
      [
        262.5,
        214.28571428571428
      ],
      [
        262.5,
        171.42857142857142
      ],
      [
        287.1428571428571,
        171.42857142857142
      ],
      [
        262.5,
        146.78571428571428
      ],
      [
        262.5,
        67.49999999999997
      ],
      [
        287.1428571428571,
        42.857142857142854
      ],
      [
        265.7142857142857,
        42.857142857142854
      ],
      [
        262.5,
        49.28571428571429
      ],
      [
        262.5,
        37.5
      ],
      [
        225,
        74.99999999999999
      ],
      [
        225,
        214.28571428571428
      ],
      [
        214.28571428571428,
        214.28571428571428
      ],
      [
        187.5,
        187.5
      ],
      [
        187.5,
        214.28571428571428
      ],
      [
        115.71428571428571,
        214.28571428571428
      ],
      [
        115.71428571428571,
        184.28571428571428
      ],
      [
        150,
        150
      ],
      [
        178.28571428571428,
        121.7142857142857
      ],
      [
        158.57142857142856,
        42.857142857142854
      ],
      [
        187.5,
        42.857142857142854
      ],
      [
        187.5,
        0
      ],
      [
        187.5,
        112.49999999999997
      ],
      [
        225,
        74.99999999999999
      ],
      [
        225,
        0
      ],
      [
        150,
        150
      ],
      [
        115.71428571428571,
        115.71428571428572
      ],
      [
        115.71428571428571,
        0
      ]
    ]
  ],
  [
    [
      [
        182.85714285714286,
        117.14285714285711
      ],
      [
        187.5,
        98.57142857142853
      ],
      [
        187.5,
        112.49999999999997
      ],
      [
        187.5,
        187.5
      ]
    ]
  ]
]
