[
  [
    [
      [
        -150,
        -150
      ],
      [
        150,
        -150
      ],
      [
        150,
        -14.285714285714278
      ],
      [
        -14.285714285714286,
        -14.285714285714286
      ],
      [
        -14.285714285714286,
        150
      ],
      [
        -150,
        150
      ],
      [
        -150,
        -150
      ]
    ]
  ],
  [
    [
      [
        -14.285714285714286,
        150
      ],
      [
        150,
        150
      ],
      [
        150,
        -14.285714285714278
      ],
      [
        285.7142857142857,
        -14.285714285714286
      ],
      [
        285.7142857142857,
        285.7142857142857
      ],
      [
        -14.285714285714286,
        285.7142857142857
      ],
      [
        -14.285714285714286,
        150
      ]
    ]
  ]
]
