[
  [
    [
      [
        -150,
        -150
      ],
      [
        150,
        -150
      ],
      [
        150,
        0
      ],
      [
        0,
        0
      ],
      [
        75,
        150
      ],
      [
        0,
        150
      ],
      [
        -150,
        150
      ],
      [
        -150,
        -150
      ]
    ],
    [
      [
        0,
        0
      ],
      [
        0,
        150
      ],
      [
        0,
        0
      ]
    ],
    [
      [
        60,
        60
      ],
      [
        150,
        60
      ],
      [
        150,
        150
      ],
      [
        105,
        150
      ],
      [
        60,
        60
      ]
    ]
  ]
]
