[
  [
    [
      [
        -150,
        -150
      ],
      [
        150,
        -150
      ],
      [
        150,
        0
      ],
      [
        300,
        0
      ],
      [
        150,
        300
      ],
      [
        75,
        150
      ],
      [
        -150,
        150
      ],
      [
        -150,
        -150
      ]
    ]
  ],
  [
    [
      [
        100,
        150
      ],
      [
        125,
        150
      ],
      [
        150,
        200
      ],
      [
        200,
        100
      ],
      [
        150,
        100
      ],
      [
        150,
        50
      ],
      [
        250,
        50
      ],
      [
        150,
        250
      ],
      [
        100,
        150
      ]
    ]
  ]
]
