[
  [
    [
      [
        60,
        120
      ],
      [
        150,
        300
      ],
      [
        180,
        240
      ],
      [
        180,
        420
      ],
      [
        60,
        420
      ],
      [
        60,
        120
      ]
    ]
  ],
  [
    [
      [
        90,
        120
      ],
      [
        180,
        120
      ],
      [
        180,
        180
      ],
      [
        150,
        240
      ],
      [
        90,
        120
      ]
    ]
  ]
]
