[
  [
    [
      [
        -14.285714285714286,
        -14.285714285714286
      ],
      [
        285.7142857142857,
        -14.285714285714286
      ],
      [
        285.7142857142857,
        0
      ],
      [
        150,
        0
      ],
      [
        150,
        285.7142857142857
      ],
      [
        -14.285714285714286,
        285.7142857142857
      ],
      [
        -14.285714285714286,
        -14.285714285714286
      ]
    ]
  ],
  [
    [
      [
        150,
        285.7142857142857
      ],
      [
        285.7142857142857,
        285.7142857142857
      ],
      [
        285.7142857142857,
        0
      ],
      [
        300,
        0
      ],
      [
        300,
        300
      ],
      [
        150,
        300
      ],
      [
        150,
        285.7142857142857
      ]
    ]
  ]
]
