[
  [
    [
      [
        -150,
        -150
      ],
      [
        150,
        -150
      ],
      [
        150,
        120
      ],
      [
        60,
        120
      ],
      [
        60,
        150
      ],
      [
        -150,
        150
      ],
      [
        -150,
        -150
      ]
    ]
  ],
  [
    [
      [
        60,
        150
      ],
      [
        150,
        150
      ],
      [
        150,
        120
      ],
      [
        180,
        120
      ],
      [
        180,
        420
      ],
      [
        60,
        420
      ],
      [
        60,
        150
      ]
    ]
  ]
]
