[
  [
    [
      [
        -14.285714285714286,
        -14.285714285714286
      ],
      [
        285.7142857142857,
        -14.285714285714286
      ],
      [
        285.7142857142857,
        0
      ],
      [
        330,
        0
      ],
      [
        330,
        214.28571428571428
      ],
      [
        285.7142857142857,
        214.28571428571428
      ],
      [
        285.7142857142857,
        285.7142857142857
      ],
      [
        -14.285714285714286,
        285.7142857142857
      ],
      [
        -14.285714285714286,
        -14.285714285714286
      ]
    ]
  ],
  [
    [
      [
        285.7142857142857,
        42.857142857142854
      ],
      [
        287.1428571428571,
        42.857142857142854
      ],
      [
        285.7142857142857,
        44.28571428571424
      ],
      [
        285.7142857142857,
        42.857142857142854
      ]
    ]
  ],
  [
    [
      [
        285.7142857142857,
        170.00000000000003
      ],
      [
        287.1428571428571,
        171.42857142857142
      ],
      [
        285.7142857142857,
        171.42857142857142
      ],
      [
        285.7142857142857,
        170.00000000000003
      ]
    ]
  ]
]
