[
  [
    [
      [
        42.857142857142854,
        42.857142857142854
      ],
      [
        128.57142857142856,
        42.857142857142854
      ],
      [
        89.99999999999999,
        120
      ],
      [
        180,
        120
      ],
      [
        180,
        420
      ],
      [
        60,
        420
      ],
      [
        60,
        120
      ],
      [
        81.42857142857143,
        120
      ],
      [
        89.99999999999999,
        120
      ],
      [
        85.71428571428571,
        128.57142857142856
      ],
      [
        81.42857142857143,
        120
      ],
      [
        42.857142857142854,
        42.857142857142854
      ]
    ],
    [
      [
        257.1428571428571,
        42.857142857142854
      ],
      [
        342.85714285714283,
        42.857142857142854
      ],
      [
        300,
        128.57142857142856
      ],
      [
        257.1428571428571,
        42.857142857142854
      ]
    ]
  ]
]
