[
  [
    [
      [
        60,
        120
      ],
      [
        180,
        120
      ],
      [
        180,
        255
      ],
      [
        105,
        255
      ],
      [
        180,
        330
      ],
      [
        255,
        405
      ],
      [
        405,
        255
      ],
      [
        180,
        255
      ],
      [
        180,
        330
      ],
      [
        180,
        420
      ],
      [
        60,
        420
      ],
      [
        60,
        120
      ]
    ]
  ]
]
