[
  [
    [
      [
        60,
        120
      ],
      [
        180,
        120
      ],
      [
        180,
        420
      ],
      [
        60,
        420
      ],
      [
        60,
        120
      ]
    ]
  ],
  [
    [
      [
        0.3531073446327684,
        -150
      ],
      [
        -27.68361581920904,
        -150
      ],
      [
        -27.68361581920904,
        150
      ],
      [
        0.3531073446327684,
        150
      ],
      [
        0.3531073446327684,
        -150
      ]
    ]
  ]
]
