[
  [
    [
      [
        60,
        120
      ],
      [
        115.71428571428571,
        120
      ],
      [
        115.71428571428571,
        214.28571428571428
      ],
      [
        180,
        214.28571428571428
      ],
      [
        180,
        420
      ],
      [
        60,
        420
      ],
      [
        60,
        120
      ]
    ]
  ],
  [
    [
      [
        177.85714285714286,
        120
      ],
      [
        180,
        120
      ],
      [
        180,
        128.57142857142856
      ],
      [
        177.85714285714286,
        120
      ]
    ]
  ]
]
