[
  [
    [
      [
        0,
        0
      ],
      [
        100,
        0
      ],
      [
        200,
        0
      ],
      [
        300,
        0
      ],
      [
        300,
        100
      ],
      [
        300,
        200
      ],
      [
        300,
        300
      ],
      [
        200,
        300
      ],
      [
        100,
        300
      ],
      [
        0,
        300
      ],
      [
        0,
        200
      ],
      [
        0,
        100
      ],
      [
        0,
        0
      ]
    ]
  ]
]
