[
  [
    [
      [
        -14.285714285714286,
        -14.285714285714286
      ],
      [
        285.7142857142857,
        -14.285714285714286
      ],
      [
        285.7142857142857,
        285.7142857142857
      ],
      [
        180,
        285.7142857142857
      ],
      [
        180,
        420
      ],
      [
        60,
        420
      ],
      [
        60,
        285.7142857142857
      ],
      [
        180,
        285.7142857142857
      ],
      [
        180,
        120
      ],
      [
        60,
        120
      ],
      [
        60,
        285.7142857142857
      ],
      [
        -14.285714285714286,
        285.7142857142857
      ],
      [
        -14.285714285714286,
        -14.285714285714286
      ]
    ]
  ]
]
