[
  [
    [
      [
        60,
        120
      ],
      [
        150,
        300
      ],
      [
        180,
        240
      ],
      [
        180,
        420
      ],
      [
        60,
        420
      ],
      [
        60,
        120
      ]
    ]
  ],
  [
    [
      [
        85,
        120
      ],
      [
        110,
        120
      ],
      [
        150,
        200
      ],
      [
        180,
        140
      ],
      [
        180,
        190
      ],
      [
        150,
        250
      ],
      [
        85,
        120
      ]
    ]
  ]
]
