[
  [
    [
      [
        0,
        0
      ],
      [
        300,
        0
      ],
      [
        300,
        300
      ],
      [
        180,
        300
      ],
      [
        180,
        420
      ],
      [
        60,
        420
      ],
      [
        60,
        300
      ],
      [
        180,
        300
      ],
      [
        180,
        120
      ],
      [
        60,
        120
      ],
      [
        60,
        300
      ],
      [
        0,
        300
      ],
      [
        0,
        0
      ]
    ]
  ]
]
