[
  [
    [
      [
        60,
        120
      ],
      [
        75,
        120
      ],
      [
        75,
        375
      ],
      [
        180,
        296.25
      ],
      [
        180,
        420
      ],
      [
        60,
        420
      ],
      [
        60,
        120
      ]
    ]
  ],
  [
    [
      [
        135,
        120
      ],
      [
        180,
        120
      ],
      [
        180,
        153.75
      ],
      [
        135,
        120
      ]
    ],
    [
      [
        175,
        225
      ],
      [
        180,
        221.25
      ],
      [
        180,
        228.75
      ],
      [
        175,
        225
      ]
    ]
  ]
]
