[
  [
    [
      [
        -14.285714285714286,
        -14.285714285714286
      ],
      [
        285.7142857142857,
        -14.285714285714286
      ],
      [
        285.7142857142857,
        42.857142857142854
      ],
      [
        257.1428571428571,
        42.857142857142854
      ],
      [
        285.7142857142857,
        100.00000000000003
      ],
      [
        285.7142857142857,
        285.7142857142857
      ],
      [
        -14.285714285714286,
        285.7142857142857
      ],
      [
        -14.285714285714286,
        -14.285714285714286
      ]
    ],
    [
      [
        42.857142857142854,
        42.857142857142854
      ],
      [
        128.57142857142856,
        42.857142857142854
      ],
      [
        85.71428571428571,
        128.57142857142856
      ],
      [
        42.857142857142854,
        42.857142857142854
      ]
    ]
  ]
]
