[
  [
    [
      [
        0,
        0
      ],
      [
        187.5,
        0
      ],
      [
        225,
        0
      ],
      [
        300,
        0
      ],
      [
        300,
        300
      ],
      [
        225,
        300
      ],
      [
        225,
        225
      ],
      [
        262.5,
        262.5
      ],
      [
        262.5,
        37.5
      ],
      [
        225,
        75
      ],
      [
        225,
        225
      ],
      [
        187.5,
        187.5
      ],
      [
        187.5,
        300
      ],
      [
        0,
        300
      ],
      [
        0,
        0
      ]
    ]
  ],
  [
    [
      [
        37.5,
        37.5
      ],
      [
        150,
        150
      ],
      [
        37.5,
        262.5
      ],
      [
        37.5,
        37.5
      ]
    ]
  ],
  [
    [
      [
        150,
        150
      ],
      [
        187.5,
        112.5
      ],
      [
        225,
        75
      ],
      [
        225,
        0
      ],
      [
        150,
        150
      ]
    ],
    [
      [
        187.5,
        0
      ],
      [
        187.5,
        112.5
      ],
      [
        187.5,
        187.5
      ]
    ]
  ]
]
