[
  [
    [
      [
        0,
        0
      ],
      [
        300,
        0
      ],
      [
        300,
        25
      ],
      [
        162.5,
        25
      ],
      [
        162.5,
        212.5
      ],
      [
        300,
        212.5
      ],
      [
        300,
        300
      ],
      [
        0,
        300
      ],
      [
        0,
        0
      ]
    ],
    [
      [
        25,
        25
      ],
      [
        137.5,
        25
      ],
      [
        137.5,
        137.5
      ],
      [
        25,
        25
      ]
    ]
  ]
]
