[
  [
    [
      [
        -14.285714285714286,
        -14.285714285714286
      ],
      [
        285.7142857142857,
        -14.285714285714286
      ],
      [
        285.7142857142857,
        285.7142857142857
      ],
      [
        225,
        285.7142857142857
      ],
      [
        225,
        0
      ],
      [
        75,
        0
      ],
      [
        75,
        285.7142857142857
      ],
      [
        -14.285714285714286,
        285.7142857142857
      ],
      [
        -14.285714285714286,
        -14.285714285714286
      ]
    ]
  ]
]
