[
  [
    [
      [
        -14.285714285714286,
        -14.285714285714286
      ],
      [
        285.7142857142857,
        -14.285714285714286
      ],
      [
        285.7142857142857,
        285.7142857142857
      ],
      [
        225,
        285.7142857142857
      ],
      [
        225,
        225
      ],
      [
        262.5,
        262.5
      ],
      [
        262.5,
        37.5
      ],
      [
        225,
        75
      ],
      [
        225,
        225
      ],
      [
        187.5,
        187.5
      ],
      [
        187.5,
        285.7142857142857
      ],
      [
        -14.285714285714286,
        285.7142857142857
      ],
      [
        -14.285714285714286,
        -14.285714285714286
      ]
    ],
    [
      [
        37.5,
        37.5
      ],
      [
        150,
        150
      ],
      [
        37.5,
        262.5
      ],
      [
        37.5,
        37.5
      ]
    ]
  ],
  [
    [
      [
        150,
        150
      ],
      [
        187.5,
        112.5
      ],
      [
        225,
        75
      ],
      [
        225,
        0
      ],
      [
        187.5,
        0
      ],
      [
        187.5,
        112.5
      ],
      [
        187.5,
        187.5
      ],
      [
        150,
        150
      ]
    ]
  ]
]
