[
  [
    [
      [
        -14.285714285714286,
        -14.285714285714286
      ],
      [
        285.7142857142857,
        -14.285714285714286
      ],
      [
        285.7142857142857,
        0
      ],
      [
        0,
        0
      ],
      [
        142.85714285714286,
        285.7142857142857
      ],
      [
        -14.285714285714286,
        285.7142857142857
      ],
      [
        -14.285714285714286,
        -14.285714285714286
      ]
    ],
    [
      [
        50,
        50
      ],
      [
        250,
        50
      ],
      [
        150,
        250
      ],
      [
        50,
        50
      ]
    ],
    [
      [
        100,
        100
      ],
      [
        200,
        100
      ],
      [
        150,
        200
      ],
      [
        100,
        100
      ]
    ]
  ],
  [
    [
      [
        157.14285714285714,
        285.7142857142857
      ],
      [
        285.7142857142857,
        28.57142857142854
      ],
      [
        285.7142857142857,
        285.7142857142857
      ],
      [
        157.14285714285714,
        285.7142857142857
      ]
    ]
  ]
]
