[
  [
    [
      [
        0,
        0
      ],
      [
        285.7142857142857,
        0
      ],
      [
        285.7142857142857,
        71.42857142857139
      ],
      [
        270,
        150
      ],
      [
        285.7142857142857,
        228.5714285714286
      ],
      [
        285.7142857142857,
        285.7142857142857
      ],
      [
        0,
        285.7142857142857
      ],
      [
        0,
        0
      ]
    ]
  ],
  [
    [
      [
        150,
        120
      ],
      [
        270,
        150
      ],
      [
        150,
        180
      ],
      [
        150,
        120
      ]
    ]
  ]
]
