[
  [
    [
      [
        -14.285714285714286,
        -14.285714285714286
      ],
      [
        285.7142857142857,
        -14.285714285714286
      ],
      [
        285.7142857142857,
        141.9642857142857
      ],
      [
        375,
        75
      ],
      [
        375,
        375
      ],
      [
        255.95238095238096,
        285.7142857142857
      ],
      [
        194.04761904761904,
        285.7142857142857
      ],
      [
        75,
        375
      ],
      [
        75,
        285.7142857142857
      ],
      [
        -14.285714285714286,
        285.7142857142857
      ],
      [
        -14.285714285714286,
        -14.285714285714286
      ]
    ]
  ]
]
