[
  [
    [
      [
        -27.68361581920904,
        -150
      ],
      [
        0.3531073446327684,
        -150
      ],
      [
        0.3531073446327684,
        0
      ],
      [
        0,
        0
      ],
      [
        0,
        150
      ],
      [
        -27.68361581920904,
        150
      ],
      [
        -27.68361581920904,
        -150
      ]
    ]
  ],
  [
    [
      [
        0,
        150
      ],
      [
        0.3531073446327684,
        150
      ],
      [
        0.3531073446327684,
        0
      ],
      [
        150,
        0
      ],
      [
        150,
        300
      ],
      [
        0,
        300
      ],
      [
        0,
        150
      ]
    ]
  ]
]
