[
  [
    [
      [
        0.3531073446327684,
        -150
      ],
      [
        -27.68361581920904,
        -150
      ],
      [
        -27.68361581920904,
        150
      ],
      [
        0.3531073446327684,
        150
      ],
      [
        0.3531073446327684,
        -150
      ]
    ]
  ],
  [
    [
      [
        75,
        0
      ],
      [
        225,
        0
      ],
      [
        225,
        300
      ],
      [
        75,
        300
      ],
      [
        75,
        0
      ]
    ]
  ]
]
