[
  [
    [
      [
        0.3531073446327684,
        -150
      ],
      [
        -27.68361581920904,
        -150
      ],
      [
        -27.68361581920904,
        150
      ],
      [
        0.3531073446327684,
        150
      ],
      [
        0.3531073446327684,
        -150
      ]
    ]
  ],
  [
    [
      [
        37.5,
        37.5
      ],
      [
        262.5,
        262.5
      ],
      [
        262.5,
        37.5
      ],
      [
        37.5,
        262.5
      ],
      [
        37.5,
        37.5
      ]
    ],
    [
      [
        187.5,
        0
      ],
      [
        225,
        0
      ],
      [
        225,
        300
      ],
      [
        187.5,
        300
      ],
      [
        187.5,
        0
      ]
    ]
  ]
]
