[
  [
    [
      [
        0.3531073446327684,
        -150
      ],
      [
        -27.68361581920904,
        -150
      ],
      [
        -27.68361581920904,
        150
      ],
      [
        0.3531073446327684,
        150
      ],
      [
        0.3531073446327684,
        -150
      ]
    ]
  ],
  [
    [
      [
        75,
        75
      ],
      [
        275,
        225
      ],
      [
        75,
        375
      ],
      [
        75,
        75
      ]
    ],
    [
      [
        175,
        225
      ],
      [
        375,
        75
      ],
      [
        375,
        375
      ],
      [
        175,
        225
      ]
    ]
  ]
]
