[
  [
    [
      [
        0,
        0
      ],
      [
        187.5,
        0
      ],
      [
        225,
        0
      ],
      [
        300,
        0
      ],
      [
        270,
        150
      ],
      [
        300,
        300
      ],
      [
        225,
        300
      ],
      [
        225,
        225
      ],
      [
        262.5,
        262.5
      ],
      [
        262.5,
        151.875
      ],
      [
        270,
        150
      ],
      [
        262.5,
        148.125
      ],
      [
        262.5,
        151.875
      ],
      [
        225,
        161.25
      ],
      [
        225,
        225
      ],
      [
        187.5,
        187.5
      ],
      [
        187.5,
        300
      ],
      [
        0,
        300
      ],
      [
        0,
        0
      ]
    ]
  ],
  [
    [
      [
        37.5,
        37.5
      ],
      [
        150,
        150
      ],
      [
        37.5,
        262.5
      ],
      [
        37.5,
        37.5
      ]
    ]
  ],
  [
    [
      [
        150,
        120
      ],
      [
        174,
        126
      ],
      [
        150,
        150
      ],
      [
        174,
        174
      ],
      [
        150,
        180
      ],
      [
        150,
        150
      ],
      [
        150,
        120
      ]
    ]
  ],
  [
    [
      [
        174,
        126
      ],
      [
        187.5,
        112.5
      ],
      [
        225,
        75
      ],
      [
        262.5,
        37.5
      ],
      [
        262.5,
        148.125
      ],
      [
        225,
        138.75
      ],
      [
        225,
        161.25
      ],
      [
        187.5,
        170.625
      ],
      [
        187.5,
        187.5
      ],
      [
        174,
        174
      ],
      [
        187.5,
        170.625
      ],
      [
        187.5,
        129.375
      ],
      [
        225,
        138.75
      ],
      [
        225,
        75
      ],
      [
        225,
        0
      ],
      [
        174,
        126
      ]
    ],
    [
      [
        187.5,
        0
      ],
      [
        187.5,
        112.5
      ],
      [
        187.5,
        129.375
      ]
    ]
  ]
]
