[
  [
    [
      [
        0,
        0
      ],
      [
        300,
        0
      ],
      [
        270,
        150
      ],
      [
        291,
        255
      ],
      [
        105,
        255
      ],
      [
        150,
        300
      ],
      [
        0,
        300
      ],
      [
        0,
        0
      ]
    ]
  ],
  [
    [
      [
        150,
        120
      ],
      [
        270,
        150
      ],
      [
        150,
        180
      ],
      [
        150,
        120
      ]
    ]
  ]
]
