[
  [
    [
      [
        0,
        0
      ],
      [
        30,
        0
      ],
      [
        72.85714285714286,
        0
      ],
      [
        51.42857142857143,
        42.857142857142854
      ],
      [
        30,
        0
      ],
      [
        300,
        300
      ],
      [
        282.85714285714283,
        214.28571428571428
      ],
      [
        115.71428571428571,
        214.28571428571428
      ],
      [
        115.71428571428571,
        0
      ],
      [
        300,
        0
      ],
      [
        244.28571428571428,
        85.71428571428571
      ],
      [
        265.7142857142857,
        42.857142857142854
      ],
      [
        287.1428571428571,
        42.857142857142854
      ],
      [
        244.28571428571428,
        171.42857142857142
      ],
      [
        244.28571428571428,
        156.42857142857144
      ],
      [
        266.57142857142856,
        150.85714285714286
      ],
      [
        271.07142857142856,
        155.3571428571429
      ],
      [
        274.2857142857143,
        171.42857142857142
      ],
      [
        244.28571428571428,
        143.57142857142856
      ],
      [
        244.28571428571428,
        128.57142857142856
      ],
      [
        264.2857142857143,
        148.57142857142856
      ],
      [
        180.25210084033614,
        127.56302521008402
      ],
      [
        179.71428571428572,
        127.42857142857142
      ],
      [
        158.57142857142856,
        42.857142857142854
      ],
      [
        201.42857142857142,
        42.857142857142854
      ],
      [
        72.85714285714286,
        0
      ],
      [
        42.857142857142854,
        107.14285714285714
      ],
      [
        34.285714285714285,
        85.71428571428571
      ],
      [
        64.28571428571428,
        85.71428571428571
      ],
      [
        0,
        0
      ]
    ]
  ]
]
