[
  [
    [
      [
        0,
        0
      ],
      [
        150,
        300
      ],
      [
        0,
        300
      ],
      [
        0,
        0
      ]
    ],
    [
      [
        150,
        300
      ],
      [
        218.57142857142856,
        162.85714285714286
      ],
      [
        270,
        150
      ],
      [
        300,
        0
      ],
      [
        230,
        140
      ],
      [
        270,
        150
      ],
      [
        300,
        300
      ],
      [
        150,
        300
      ]
    ]
  ]
]
