[
  [
    [
      [
        -14.285714285714286,
        -14.285714285714286
      ],
      [
        285.7142857142857,
        -14.285714285714286
      ],
      [
        285.7142857142857,
        0
      ],
      [
        300,
        0
      ],
      [
        285.7142857142857,
        71.42857142857139
      ],
      [
        285.7142857142857,
        228.5714285714286
      ],
      [
        300,
        300
      ],
      [
        0,
        300
      ],
      [
        0,
        285.7142857142857
      ],
      [
        -14.285714285714286,
        285.7142857142857
      ],
      [
        -14.285714285714286,
        -14.285714285714286
      ]
    ]
  ]
]
