[
  [
    [
      [
        0,
        100
      ],
      [
        150,
        150
      ],
      [
        0,
        200
      ],
      [
        0,
        100
      ]
    ]
  ],
  [
    [
      [
        100,
        0
      ],
      [
        200,
        0
      ],
      [
        100,
        0
      ],
      [
        150,
        150
      ],
      [
        100,
        300
      ],
      [
        200,
        300
      ],
      [
        159.23076923076923,
        177.69230769230768
      ],
      [
        150,
        180
      ],
      [
        150,
        150
      ],
      [
        150,
        120
      ],
      [
        159.23076923076923,
        122.3076923076923
      ],
      [
        200,
        0
      ]
    ]
  ],
  [
    [
      [
        201.4285714285714,
        167.14285714285714
      ],
      [
        270,
        150
      ],
      [
        278.57142857142856,
        107.14285714285714
      ],
      [
        201.42857142857144,
        132.85714285714286
      ],
      [
        270,
        150
      ],
      [
        278.57142857142856,
        192.85714285714286
      ],
      [
        201.4285714285714,
        167.14285714285714
      ]
    ]
  ]
]
