[
  [
    [
      [
        0,
        0
      ],
      [
        300,
        0
      ],
      [
        287.5,
        62.5
      ],
      [
        362.5,
        62.5
      ],
      [
        362.5,
        187.5
      ],
      [
        273.6111111111111,
        131.94444444444446
      ],
      [
        270,
        150
      ],
      [
        300,
        300
      ],
      [
        0,
        300
      ],
      [
        0,
        0
      ]
    ]
  ],
  [
    [
      [
        150,
        150
      ],
      [
        174,
        174
      ],
      [
        150,
        180
      ],
      [
        150,
        150
      ]
    ]
  ],
  [
    [
      [
        195,
        168.75
      ],
      [
        208.63636363636363,
        134.6590909090909
      ],
      [
        270,
        150
      ],
      [
        195,
        168.75
      ]
    ]
  ]
]
