[
  [
    [
      [
        0,
        0
      ],
      [
        300,
        0
      ],
      [
        295,
        25
      ],
      [
        162.5,
        25
      ],
      [
        162.5,
        123.125
      ],
      [
        150,
        120
      ],
      [
        150,
        180
      ],
      [
        162.5,
        176.875
      ],
      [
        162.5,
        212.5
      ],
      [
        282.5,
        212.5
      ],
      [
        300,
        300
      ],
      [
        0,
        300
      ],
      [
        0,
        0
      ]
    ],
    [
      [
        25,
        25
      ],
      [
        137.5,
        25
      ],
      [
        137.5,
        137.5
      ],
      [
        25,
        25
      ]
    ]
  ]
]
