[
  [
    [
      [
        0,
        100
      ],
      [
        150,
        150
      ],
      [
        0,
        200
      ],
      [
        0,
        100
      ]
    ],
    [
      [
        100,
        0
      ],
      [
        200,
        0
      ],
      [
        150,
        150
      ],
      [
        300,
        100
      ],
      [
        300,
        200
      ],
      [
        150,
        150
      ],
      [
        185,
        255
      ],
      [
        405,
        255
      ],
      [
        255,
        405
      ],
      [
        150,
        300
      ],
      [
        100,
        300
      ],
      [
        112.5,
        262.5
      ],
      [
        105,
        255
      ],
      [
        115,
        255
      ],
      [
        150,
        150
      ],
      [
        100,
        0
      ]
    ]
  ]
]
