[
  [
    [
      [
        142.85714285714286,
        285.7142857142857
      ],
      [
        157.14285714285714,
        285.7142857142857
      ],
      [
        150,
        300
      ],
      [
        142.85714285714286,
        285.7142857142857
      ]
    ]
  ],
  [
    [
      [
        285.7142857142857,
        0
      ],
      [
        300,
        0
      ],
      [
        285.7142857142857,
        28.57142857142854
      ],
      [
        285.7142857142857,
        0
      ]
    ]
  ]
]
