[
  [
    [
      [
        0,
        0
      ],
      [
        300,
        0
      ],
      [
        211.36363636363635,
        177.27272727272725
      ],
      [
        75,
        75
      ],
      [
        75,
        150
      ],
      [
        0,
        0
      ]
    ],
    [
      [
        175,
        225
      ],
      [
        194.99999999999997,
        210.00000000000003
      ],
      [
        184.0909090909091,
        231.8181818181818
      ],
      [
        175,
        225
      ]
    ]
  ]
]
