[
  [
    [
      [
        0,
        0
      ],
      [
        300,
        0
      ],
      [
        211.36363636363635,
        177.27272727272725
      ],
      [
        225,
        187.5
      ],
      [
        194.99999999999997,
        210.00000000000003
      ],
      [
        184.0909090909091,
        231.8181818181818
      ],
      [
        225,
        262.5
      ],
      [
        75,
        375
      ],
      [
        75,
        150
      ],
      [
        0,
        0
      ]
    ]
  ],
  [
    [
      [
        225,
        187.5
      ],
      [
        375,
        75
      ],
      [
        375,
        375
      ],
      [
        225,
        262.5
      ],
      [
        275,
        225
      ],
      [
        225,
        187.5
      ]
    ]
  ]
]
