[
  [
    [
      [
        0,
        0
      ],
      [
        300,
        0
      ],
      [
        268.75,
        62.5
      ],
      [
        362.5,
        62.5
      ],
      [
        362.5,
        187.5
      ],
      [
        243.45238095238096,
        113.0952380952381
      ],
      [
        268.75,
        62.5
      ],
      [
        237.5,
        62.5
      ],
      [
        222.5,
        100
      ],
      [
        243.45238095238096,
        113.0952380952381
      ],
      [
        150,
        300
      ],
      [
        0,
        0
      ]
    ]
  ],
  [
    [
      [
        62.5,
        62.5
      ],
      [
        237.5,
        62.5
      ],
      [
        162.5,
        62.5
      ],
      [
        222.5,
        100
      ],
      [
        187.5,
        187.5
      ],
      [
        62.5,
        62.5
      ]
    ]
  ]
]
