[
  [
    [
      [
        -14.285714285714286,
        -14.285714285714286
      ],
      [
        285.7142857142857,
        -14.285714285714286
      ],
      [
        285.7142857142857,
        220
      ],
      [
        150,
        30
      ],
      [
        0,
        240
      ],
      [
        285.7142857142857,
        240
      ],
      [
        300,
        240
      ],
      [
        285.7142857142857,
        220
      ],
      [
        285.7142857142857,
        240
      ],
      [
        285.7142857142857,
        285.7142857142857
      ],
      [
        -14.285714285714286,
        285.7142857142857
      ],
      [
        -14.285714285714286,
        -14.285714285714286
      ]
    ]
  ]
]
