[
  [
    [
      [
        0,
        240
      ],
      [
        83.19327731092437,
        123.52941176470586
      ],
      [
        99.99999999999999,
        100
      ],
      [
        85.71428571428571,
        128.57142857142856
      ],
      [
        83.19327731092437,
        123.52941176470586
      ],
      [
        42.857142857142854,
        42.857142857142854
      ],
      [
        128.57142857142856,
        42.857142857142854
      ],
      [
        99.99999999999999,
        100
      ],
      [
        150,
        30
      ],
      [
        300,
        240
      ],
      [
        0,
        240
      ]
    ],
    [
      [
        257.1428571428571,
        42.857142857142854
      ],
      [
        342.85714285714283,
        42.857142857142854
      ],
      [
        300,
        128.57142857142856
      ],
      [
        257.1428571428571,
        42.857142857142854
      ]
    ]
  ]
]
