[
  [
    [
      [
        0,
        240
      ],
      [
        70.58823529411765,
        141.1764705882353
      ],
      [
        120,
        240
      ],
      [
        0,
        240
      ]
    ]
  ],
  [
    [
      [
        88.23529411764706,
        116.47058823529412
      ],
      [
        128.57142857142856,
        60
      ],
      [
        171.42857142857142,
        60
      ],
      [
        211.76470588235293,
        116.47058823529413
      ],
      [
        150,
        240
      ],
      [
        88.23529411764706,
        116.47058823529412
      ]
    ],
    [
      [
        180,
        240
      ],
      [
        229.41176470588235,
        141.1764705882353
      ],
      [
        300,
        240
      ],
      [
        180,
        240
      ]
    ]
  ]
]
