[
  [
    [
      [
        0,
        240
      ],
      [
        75,
        135
      ],
      [
        150,
        30
      ],
      [
        225,
        135
      ],
      [
        300,
        240
      ],
      [
        225,
        240
      ],
      [
        225,
        300
      ],
      [
        75,
        300
      ],
      [
        75,
        240
      ],
      [
        225,
        240
      ],
      [
        225,
        135
      ],
      [
        225,
        0
      ],
      [
        75,
        0
      ],
      [
        75,
        135
      ],
      [
        75,
        240
      ],
      [
        0,
        240
      ]
    ]
  ]
]
