[
  [
    [
      [
        0,
        240
      ],
      [
        115.71428571428571,
        78
      ],
      [
        115.71428571428571,
        0
      ],
      [
        330,
        0
      ],
      [
        330,
        214.28571428571428
      ],
      [
        281.63265306122446,
        214.28571428571428
      ],
      [
        300,
        240
      ],
      [
        0,
        240
      ]
    ]
  ],
  [
    [
      [
        30,
        0
      ],
      [
        72.85714285714286,
        0
      ],
      [
        51.42857142857143,
        42.857142857142854
      ],
      [
        30,
        0
      ]
    ],
    [
      [
        34.285714285714285,
        85.71428571428571
      ],
      [
        64.28571428571428,
        85.71428571428571
      ],
      [
        42.857142857142854,
        107.14285714285714
      ],
      [
        34.285714285714285,
        85.71428571428571
      ]
    ]
  ],
  [
    [
      [
        159.18367346938774,
        42.857142857142854
      ],
      [
        201.42857142857142,
        42.857142857142854
      ],
      [
        190.47619047619048,
        86.66666666666669
      ],
      [
        159.18367346938774,
        42.857142857142854
      ]
    ],
    [
      [
        244.28571428571428,
        85.71428571428571
      ],
      [
        265.7142857142857,
        42.857142857142854
      ],
      [
        287.1428571428571,
        42.857142857142854
      ],
      [
        244.28571428571428,
        85.71428571428571
      ]
    ],
    [
      [
        244.28571428571428,
        128.57142857142856
      ],
      [
        287.1428571428571,
        171.42857142857142
      ],
      [
        251.02040816326527,
        171.42857142857142
      ],
      [
        244.28571428571428,
        162
      ],
      [
        244.28571428571428,
        128.57142857142856
      ]
    ]
  ]
]
