[
  [
    [
      [
        -15,
        -15
      ],
      [
        285,
        -15
      ],
      [
        195,
        93
      ],
      [
        300,
        240
      ],
      [
        0,
        240
      ],
      [
        91.15384615384616,
        112.38461538461539
      ],
      [
        150,
        30
      ],
      [
        195,
        93
      ],
      [
        135,
        165
      ],
      [
        91.15384615384616,
        112.38461538461539
      ],
      [
        -15,
        -15
      ]
    ]
  ]
]
