[
  [
    [
      [
        0,
        240
      ],
      [
        37.5,
        187.5
      ],
      [
        37.5,
        240
      ],
      [
        0,
        240
      ]
    ]
  ],
  [
    [
      [
        60,
        240
      ],
      [
        150,
        150
      ],
      [
        187.5,
        112.5
      ],
      [
        200,
        100
      ],
      [
        225,
        135
      ],
      [
        225,
        225
      ],
      [
        187.5,
        187.5
      ],
      [
        187.5,
        240
      ],
      [
        60,
        240
      ]
    ]
  ],
  [
    [
      [
        100,
        100
      ],
      [
        150,
        30
      ],
      [
        187.5,
        82.5
      ],
      [
        187.5,
        112.5
      ],
      [
        187.5,
        187.5
      ],
      [
        150,
        150
      ],
      [
        100,
        100
      ]
    ],
    [
      [
        225,
        225
      ],
      [
        240,
        240
      ],
      [
        225,
        240
      ],
      [
        225,
        225
      ]
    ]
  ],
  [
    [
      [
        262.5,
        187.5
      ],
      [
        300,
        240
      ],
      [
        262.5,
        240
      ],
      [
        262.5,
        187.5
      ]
    ]
  ]
]
