[
  [
    [
      [
        150,
        120
      ],
      [
        228.26086956521738,
        139.56521739130434
      ],
      [
        240.9090909090909,
        157.27272727272728
      ],
      [
        150,
        180
      ],
      [
        150,
        120
      ]
    ]
  ],
  [
    [
      [
        283.3333333333333,
        216.66666666666669
      ],
      [
        300,
        240
      ],
      [
        288,
        240
      ],
      [
        283.3333333333333,
        216.66666666666669
      ]
    ]
  ]
]
