[
  [
    [
      [
        0,
        240
      ],
      [
        75,
        134.99999999999997
      ],
      [
        75,
        240
      ],
      [
        0,
        240
      ]
    ]
  ],
  [
    [
      [
        102.90697674418604,
        95.93023255813954
      ],
      [
        150,
        30
      ],
      [
        249.41860465116278,
        169.1860465116279
      ],
      [
        225,
        187.5
      ],
      [
        275,
        225
      ],
      [
        255,
        240
      ],
      [
        195,
        240
      ],
      [
        175,
        225
      ],
      [
        225,
        187.5
      ],
      [
        102.90697674418604,
        95.93023255813954
      ]
    ]
  ]
]
