[
  [
    [
      [
        -27.68361581920904,
        -150
      ],
      [
        0.3531073446327684,
        -150
      ],
      [
        0.3531073446327684,
        -15
      ],
      [
        285,
        -15
      ],
      [
        135,
        165
      ],
      [
        0.3531073446327684,
        3.423728813559322
      ],
      [
        0.3531073446327684,
        150
      ],
      [
        -27.68361581920904,
        150
      ],
      [
        -27.68361581920904,
        -150
      ]
    ]
  ]
]
