[
  [
    [
      [
        -15,
        -15
      ],
      [
        285,
        -15
      ],
      [
        272.5,
        0
      ],
      [
        300,
        0
      ],
      [
        300,
        300
      ],
      [
        150,
        300
      ],
      [
        150,
        147
      ],
      [
        272.5,
        0
      ],
      [
        150,
        0
      ],
      [
        150,
        147
      ],
      [
        135,
        165
      ],
      [
        -15,
        -15
      ]
    ]
  ]
]
