[
  [
    [
      [
        -15,
        -15
      ],
      [
        285,
        -15
      ],
      [
        272.5,
        0
      ],
      [
        0,
        0
      ],
      [
        3.75,
        7.5
      ],
      [
        0,
        3
      ],
      [
        -15,
        -15
      ]
    ],
    [
      [
        0,
        0
      ],
      [
        0,
        3
      ],
      [
        0,
        0
      ]
    ],
    [
      [
        60,
        60
      ],
      [
        222.5,
        60
      ],
      [
        135,
        165
      ],
      [
        78.75,
        97.5
      ],
      [
        60,
        60
      ]
    ]
  ]
]
