[
  [
    [
      [
        -15,
        -15
      ],
      [
        285,
        -15
      ],
      [
        172.5,
        120
      ],
      [
        180,
        120
      ],
      [
        180,
        420
      ],
      [
        60,
        420
      ],
      [
        60,
        120
      ],
      [
        97.5,
        120
      ],
      [
        172.5,
        120
      ],
      [
        135,
        165
      ],
      [
        97.5,
        120
      ],
      [
        -15,
        -15
      ]
    ]
  ]
]
