[
  [
    [
      [
        0,
        0
      ],
      [
        272.5,
        0
      ],
      [
        230.83333333333337,
        50
      ],
      [
        50,
        50
      ],
      [
        66.25,
        82.5
      ],
      [
        3.75,
        7.5
      ],
      [
        0,
        0
      ]
    ],
    [
      [
        100,
        100
      ],
      [
        189.16666666666669,
        100
      ],
      [
        135,
        165
      ],
      [
        128.75,
        157.5
      ],
      [
        100,
        100
      ]
    ]
  ]
]
