[
  [
    [
      [
        -15,
        -15
      ],
      [
        285,
        -15
      ],
      [
        272.5,
        0
      ],
      [
        300,
        0
      ],
      [
        270,
        150
      ],
      [
        300,
        300
      ],
      [
        0,
        300
      ],
      [
        0,
        3
      ],
      [
        135,
        165
      ],
      [
        150,
        147
      ],
      [
        168.6206896551724,
        124.65517241379311
      ],
      [
        272.5,
        0
      ],
      [
        0,
        0
      ],
      [
        0,
        3
      ],
      [
        -15,
        -15
      ]
    ]
  ],
  [
    [
      [
        150,
        120
      ],
      [
        168.6206896551724,
        124.65517241379311
      ],
      [
        270,
        150
      ],
      [
        150,
        180
      ],
      [
        150,
        147
      ],
      [
        150,
        120
      ]
    ]
  ]
]
