[
  [
    [
      [
        -15,
        -15
      ],
      [
        285,
        -15
      ],
      [
        151.66666666666666,
        145
      ],
      [
        200,
        0
      ],
      [
        100,
        0
      ],
      [
        149.28571428571428,
        147.85714285714286
      ],
      [
        148.04347826086956,
        149.34782608695653
      ],
      [
        111.92307692307692,
        137.3076923076923
      ],
      [
        -15,
        -15
      ]
    ]
  ],
  [
    [
      [
        128.47826086956522,
        157.17391304347825
      ],
      [
        146.53846153846155,
        151.15384615384616
      ],
      [
        135,
        165
      ],
      [
        128.47826086956522,
        157.17391304347825
      ]
    ]
  ]
]
