[
  [
    [
      [
        -15,
        -15
      ],
      [
        285,
        -15
      ],
      [
        251.66666666666669,
        25
      ],
      [
        325,
        25
      ],
      [
        325,
        212.5
      ],
      [
        162.5,
        212.5
      ],
      [
        162.5,
        132
      ],
      [
        251.66666666666669,
        25
      ],
      [
        162.5,
        25
      ],
      [
        162.5,
        132
      ],
      [
        135,
        165
      ],
      [
        -15,
        -15
      ]
    ]
  ],
  [
    [
      [
        25,
        25
      ],
      [
        137.5,
        25
      ],
      [
        137.5,
        137.5
      ],
      [
        25,
        25
      ]
    ]
  ]
]
