[
  [
    [
      [
        -15,
        -15
      ],
      [
        285,
        -15
      ],
      [
        225,
        56.99999999999999
      ],
      [
        225,
        0
      ],
      [
        187.5,
        0
      ],
      [
        187.5,
        101.99999999999999
      ],
      [
        148.63636363636363,
        148.63636363636363
      ],
      [
        37.5,
        37.5
      ],
      [
        37.5,
        48
      ],
      [
        -15,
        -15
      ]
    ]
  ]
]
