[
  [
    [
      [
        -15,
        -15
      ],
      [
        285,
        -15
      ],
      [
        225,
        57
      ],
      [
        225,
        300
      ],
      [
        75,
        300
      ],
      [
        75,
        93
      ],
      [
        135,
        165
      ],
      [
        225,
        57
      ],
      [
        225,
        0
      ],
      [
        75,
        0
      ],
      [
        75,
        93
      ],
      [
        -15,
        -15
      ]
    ]
  ]
]
