[
  [
    [
      [
        -15,
        -15
      ],
      [
        285,
        -15
      ],
      [
        272.5,
        0
      ],
      [
        0,
        0
      ],
      [
        3.75,
        7.5
      ],
      [
        -15,
        -15
      ]
    ],
    [
      [
        50,
        50
      ],
      [
        230.83333333333337,
        50
      ],
      [
        189.16666666666669,
        100
      ],
      [
        100,
        100
      ],
      [
        128.75,
        157.5
      ],
      [
        66.25,
        82.5
      ],
      [
        50,
        50
      ]
    ]
  ]
]
