[
  [
    [
      [
        -15,
        -15
      ],
      [
        285,
        -15
      ],
      [
        272.5,
        0
      ],
      [
        330,
        0
      ],
      [
        330,
        214.28571428571428
      ],
      [
        115.71428571428571,
        214.28571428571428
      ],
      [
        115.71428571428571,
        141.8571428571429
      ],
      [
        -15,
        -15
      ]
    ],
    [
      [
        34.285714285714285,
        85.71428571428571
      ],
      [
        64.28571428571428,
        85.71428571428571
      ],
      [
        42.857142857142854,
        107.14285714285714
      ],
      [
        34.285714285714285,
        85.71428571428571
      ]
    ]
  ],
  [
    [
      [
        176.62087912087912,
        115.05494505494502
      ],
      [
        186.27551020408163,
        103.46938775510202
      ],
      [
        180,
        128.57142857142856
      ],
      [
        176.62087912087912,
        115.05494505494502
      ]
    ],
    [
      [
        244.28571428571428,
        85.71428571428571
      ],
      [
        265.7142857142857,
        42.857142857142854
      ],
      [
        287.1428571428571,
        42.857142857142854
      ],
      [
        244.28571428571428,
        85.71428571428571
      ]
    ],
    [
      [
        244.28571428571428,
        128.57142857142856
      ],
      [
        287.1428571428571,
        171.42857142857142
      ],
      [
        244.28571428571428,
        171.42857142857142
      ],
      [
        244.28571428571428,
        128.57142857142856
      ]
    ]
  ]
]
