[
  [
    [
      [
        75,
        75
      ],
      [
        187.5,
        187.5
      ],
      [
        196.15384615384616,
        165.8653846153846
      ],
      [
        225,
        187.5
      ],
      [
        175,
        225
      ],
      [
        225,
        262.5
      ],
      [
        75,
        375
      ],
      [
        75,
        75
      ]
    ]
  ],
  [
    [
      [
        225,
        187.5
      ],
      [
        287.5,
        140.625
      ],
      [
        362.5,
        187.5
      ],
      [
        362.5,
        84.375
      ],
      [
        375,
        75
      ],
      [
        375,
        375
      ],
      [
        225,
        262.5
      ],
      [
        275,
        225
      ],
      [
        225,
        187.5
      ]
    ]
  ]
]
