[
  [
    [
      [
        75,
        93
      ],
      [
        135,
        165
      ],
      [
        158.0769230769231,
        137.30769230769232
      ],
      [
        225,
        187.5
      ],
      [
        175,
        225
      ],
      [
        225,
        262.5
      ],
      [
        75,
        375
      ],
      [
        75,
        93
      ]
    ]
  ],
  [
    [
      [
        225,
        187.5
      ],
      [
        375,
        75
      ],
      [
        375,
        375
      ],
      [
        225,
        262.5
      ],
      [
        275,
        225
      ],
      [
        225,
        187.5
      ]
    ]
  ]
]
