[
  [
    [
      [
        0,
        100
      ],
      [
        75,
        125
      ],
      [
        150,
        150
      ],
      [
        75,
        175
      ],
      [
        75,
        375
      ],
      [
        175,
        300
      ],
      [
        195,
        285
      ],
      [
        225,
        262.5
      ],
      [
        275,
        225
      ],
      [
        225,
        187.5
      ],
      [
        236.53846153846155,
        178.84615384615384
      ],
      [
        300,
        131.25
      ],
      [
        375,
        75
      ],
      [
        375,
        375
      ],
      [
        225,
        262.5
      ],
      [
        175,
        225
      ],
      [
        195,
        285
      ],
      [
        200,
        300
      ],
      [
        175,
        300
      ],
      [
        100,
        300
      ],
      [
        150,
        150
      ],
      [
        155,
        135
      ],
      [
        200,
        0
      ],
      [
        100,
        0
      ],
      [
        141.66666666666669,
        125
      ],
      [
        75,
        75
      ],
      [
        75,
        125
      ],
      [
        75,
        175
      ],
      [
        0,
        200
      ],
      [
        0,
        100
      ]
    ]
  ],
  [
    [
      [
        141.66666666666669,
        125
      ],
      [
        155,
        135
      ],
      [
        167.30769230769232,
        144.23076923076923
      ],
      [
        150,
        150
      ],
      [
        195.00000000000003,
        165
      ],
      [
        236.53846153846155,
        178.84615384615384
      ],
      [
        300,
        200
      ],
      [
        300,
        131.25
      ],
      [
        300,
        100
      ],
      [
        167.30769230769232,
        144.23076923076923
      ],
      [
        195.00000000000003,
        165
      ],
      [
        225,
        187.5
      ],
      [
        175,
        225
      ],
      [
        150,
        150
      ],
      [
        141.66666666666669,
        125
      ]
    ]
  ]
]
