[
  [
    [
      [
        75,
        300
      ],
      [
        175,
        300
      ],
      [
        75,
        375
      ],
      [
        75,
        300
      ]
    ]
  ],
  [
    [
      [
        150,
        131.25
      ],
      [
        198.75,
        167.8125
      ],
      [
        150,
        180
      ],
      [
        150,
        131.25
      ]
    ]
  ],
  [
    [
      [
        270.6521739130435,
        153.2608695652174
      ],
      [
        375,
        75
      ],
      [
        375,
        375
      ],
      [
        275,
        300
      ],
      [
        300,
        300
      ],
      [
        270.6521739130435,
        153.2608695652174
      ]
    ]
  ]
]
