[
  [
    [
      [
        75,
        75
      ],
      [
        150,
        131.25
      ],
      [
        150,
        300
      ],
      [
        175,
        300
      ],
      [
        75,
        375
      ],
      [
        75,
        75
      ]
    ]
  ],
  [
    [
      [
        275,
        300
      ],
      [
        300,
        300
      ],
      [
        300,
        131.25
      ],
      [
        375,
        75
      ],
      [
        375,
        375
      ],
      [
        275,
        300
      ]
    ]
  ]
]
