[
  [
    [
      [
        75,
        100
      ],
      [
        150,
        250
      ],
      [
        193.1818181818182,
        163.63636363636363
      ],
      [
        211.36363636363637,
        177.27272727272725
      ],
      [
        195,
        210
      ],
      [
        175,
        225
      ],
      [
        184.0909090909091,
        231.8181818181818
      ],
      [
        150,
        300
      ],
      [
        75,
        150
      ],
      [
        75,
        100
      ]
    ],
    [
      [
        100,
        100
      ],
      [
        108.33333333333333,
        100
      ],
      [
        175,
        150
      ],
      [
        150,
        200
      ],
      [
        100,
        100
      ]
    ]
  ]
]
