[
  [
    [
      [
        75,
        107.14285714285714
      ],
      [
        85.71428571428571,
        128.57142857142856
      ],
      [
        102.27272727272725,
        95.45454545454544
      ],
      [
        225,
        187.5
      ],
      [
        175,
        225
      ],
      [
        225,
        262.5
      ],
      [
        75,
        375
      ],
      [
        75,
        107.14285714285714
      ]
    ]
  ],
  [
    [
      [
        225,
        187.5
      ],
      [
        375,
        75
      ],
      [
        375,
        375
      ],
      [
        225,
        262.5
      ],
      [
        275,
        225
      ],
      [
        225,
        187.5
      ]
    ]
  ]
]
