[
  [
    [
      [
        75,
        75
      ],
      [
        225,
        187.5
      ],
      [
        175,
        225
      ],
      [
        215,
        255
      ],
      [
        105,
        255
      ],
      [
        160.71428571428572,
        310.7142857142857
      ],
      [
        75,
        375
      ],
      [
        75,
        75
      ]
    ]
  ],
  [
    [
      [
        160.71428571428572,
        310.7142857142857
      ],
      [
        225,
        262.5
      ],
      [
        235,
        255
      ],
      [
        275,
        225
      ],
      [
        225,
        187.5
      ],
      [
        375,
        75
      ],
      [
        375,
        255
      ],
      [
        235,
        255
      ],
      [
        215,
        255
      ],
      [
        225,
        262.5
      ],
      [
        323.57142857142856,
        336.42857142857144
      ],
      [
        255,
        405
      ],
      [
        160.71428571428572,
        310.7142857142857
      ]
    ]
  ],
  [
    [
      [
        323.57142857142856,
        336.42857142857144
      ],
      [
        375,
        285
      ],
      [
        405,
        255
      ],
      [
        375,
        255
      ],
      [
        375,
        285
      ],
      [
        375,
        375
      ],
      [
        323.57142857142856,
        336.42857142857144
      ]
    ]
  ]
]
