[
  [
    [
      [
        75,
        75
      ],
      [
        115.71428571428571,
        105.53571428571428
      ],
      [
        115.71428571428571,
        214.28571428571428
      ],
      [
        189.28571428571428,
        214.28571428571428
      ],
      [
        175,
        225
      ],
      [
        225,
        262.5
      ],
      [
        75,
        375
      ],
      [
        75,
        75
      ]
    ]
  ],
  [
    [
      [
        225,
        262.5
      ],
      [
        275,
        225
      ],
      [
        260.71428571428567,
        214.28571428571428
      ],
      [
        330,
        214.28571428571428
      ],
      [
        330,
        108.75000000000001
      ],
      [
        375,
        75
      ],
      [
        375,
        375
      ],
      [
        225,
        262.5
      ]
    ]
  ],
  [
    [
      [
        246.42857142857144,
        171.42857142857142
      ],
      [
        269.6938775510204,
        153.9795918367347
      ],
      [
        287.1428571428571,
        171.42857142857142
      ],
      [
        246.42857142857144,
        171.42857142857142
      ]
    ]
  ]
]
