[
  [
    [
      [
        60,
        120
      ],
      [
        75,
        120
      ],
      [
        75,
        75
      ],
      [
        135,
        120
      ],
      [
        180,
        120
      ],
      [
        180,
        153.75
      ],
      [
        225,
        187.5
      ],
      [
        180,
        221.25
      ],
      [
        180,
        228.75
      ],
      [
        225,
        262.5
      ],
      [
        180,
        296.25
      ],
      [
        180,
        420
      ],
      [
        60,
        420
      ],
      [
        60,
        120
      ]
    ]
  ],
  [
    [
      [
        225,
        187.5
      ],
      [
        375,
        75
      ],
      [
        375,
        375
      ],
      [
        225,
        262.5
      ],
      [
        275,
        225
      ],
      [
        225,
        187.5
      ]
    ]
  ]
]
