[
  [
    [
      [
        75,
        75
      ],
      [
        150,
        150
      ],
      [
        75,
        225
      ],
      [
        75,
        75
      ]
    ]
  ],
  [
    [
      [
        150,
        150
      ],
      [
        160.71428571428572,
        139.28571428571428
      ],
      [
        187.5,
        159.375
      ],
      [
        187.5,
        187.5
      ],
      [
        150,
        150
      ]
    ]
  ],
  [
    [
      [
        187.5,
        187.5
      ],
      [
        203.57142857142858,
        203.57142857142858
      ],
      [
        187.5,
        215.625
      ],
      [
        187.5,
        187.5
      ]
    ]
  ],
  [
    [
      [
        187.5,
        234.375
      ],
      [
        225,
        262.5
      ],
      [
        187.5,
        290.625
      ],
      [
        187.5,
        234.375
      ]
    ]
  ],
  [
    [
      [
        225,
        187.5
      ],
      [
        262.5,
        159.375
      ],
      [
        262.5,
        215.625
      ],
      [
        225,
        187.5
      ]
    ]
  ],
  [
    [
      [
        246.42857142857142,
        246.42857142857142
      ],
      [
        262.5,
        234.375
      ],
      [
        262.5,
        262.5
      ],
      [
        246.42857142857142,
        246.42857142857142
      ]
    ]
  ]
]
