[
  [[0.0,100.0], [80.76923,126.92308], [37.5,187.5], [0.0,200.0], [0.0,100.0]],
  [[0.0,240.0], [37.5,187.5], [150.0,150.0], [120.0,240.0], [0.0,240.0]],
  [[80.76923,126.92308], [122.72727,68.18182], [150.0,150.0], [80.76923,126.92308]],
  [[100.0,0.0], [200.0,0.0], [177.27274,68.18182], [150.0,30.0], [122.72727,68.18182], [100.0,0.0]],
  [[100.0,300.0], [120.0,240.0], [180.0,240.0], [200.0,300.0], [100.0,300.0]],
  [[150.0,150.0], [177.27274,68.18182], [219.23077,126.92308], [150.0,150.0]],
  [[150.0,150.0], [262.5,187.5], [300.0,240.0], [180.0,240.0], [150.0,150.0]],
  [[219.23077,126.92308], [300.0,100.0], [300.0,200.0], [262.5,187.5], [219.23077,126.92308]]
]
