[
  [[0.0,0.0], [100.0,0.0], [116.66667,50.0], [50.0,50.0], [90.0,130.0], [60.0,120.0], [0.0,0.0]],
  [[0.0,100.0], [60.0,120.0], [85.71429,171.42857], [0.0,200.0], [0.0,100.0]],
  [[85.71429,171.42857], [107.14286,164.28572], [130.0,210.0], [120.0,240.0], [85.71429,171.42857]],
  [[90.0,130.0], [120.0,140.0], [128.57143,157.14285], [107.14286,164.28572], [90.0,130.0]],
  [[100.0,100.0], [133.33334,100.0], [150.0,150.0], [120.0,140.0], [100.0,100.0]],
  [[100.0,300.0], [120.0,240.0], [150.0,300.0], [100.0,300.0]],
  [[116.66667,50.0], [183.33334,50.0], [166.66667,100.0], [133.33334,100.0], [116.66667,50.0]],
  [[128.57143,157.14285], [150.0,150.0], [140.0,180.0], [128.57143,157.14285]],
  [[130.0,210.0], [140.0,180.0], [150.0,200.0], [160.0,180.0], [170.0,210.0], [150.0,250.0], [130.0,210.0]],
  [[150.0,150.0], [166.66667,100.0], [200.0,100.0], [180.0,140.0], [150.0,150.0]],
  [[150.0,150.0], [171.42857,157.14285], [160.0,180.0], [150.0,150.0]],
  [[150.0,300.0], [180.0,240.0], [200.0,300.0], [150.0,300.0]],
  [[170.0,210.0], [192.85715,164.28572], [214.2857,171.42857], [180.0,240.0], [170.0,210.0]],
  [[171.42857,157.14285], [180.0,140.0], [210.0,130.0], [192.85715,164.28572], [171.42857,157.14285]],
  [[183.33334,50.0], [200.0,0.0], [300.0,0.0], [240.0,120.0], [210.0,130.0], [250.0,50.0], [183.33334,50.0]],
  [[214.2857,171.42857], [240.0,120.0], [300.0,100.0], [300.0,200.0], [214.2857,171.42857]]
]
