[
  [[0.0,0.0], [30.0,0.0], [51.42857,42.857143], [72.85714,0.0], [115.71429,0.0], [115.71429,60.0], [60.0,60.0], [115.71429,171.42857], [115.71429,214.28572], [137.14285,214.28572], [150.0,240.0], [162.85715,214.28572], [192.85715,214.28572], [150.0,300.0], [50.0,100.0], [64.28571,85.71429], [42.857143,85.71429], [0.0,0.0]],
  [[0.0,0.0], [0.0,300.0], [0.0,0.0]],
  [[34.285713,85.71429], [42.857143,85.71429], [50.0,100.0], [42.857143,107.14286], [34.285713,85.71429]],
  [[115.71429,60.0], [162.85715,60.0], [180.0,128.57143], [197.14285,60.0], [240.0,60.0], [162.85715,214.28572], [137.14285,214.28572], [115.71429,171.42857], [115.71429,60.0]],
  [[158.57143,42.857143], [201.42857,42.857143], [197.14285,60.0], [162.85715,60.0], [158.57143,42.857143]],
  [[192.85715,214.28572], [270.0,60.0], [287.14285,42.857143], [278.57144,42.857143], [300.0,0.0], [330.0,0.0], [330.0,214.28572], [192.85715,214.28572]
  ],[[244.28572,128.57143], [244.28572,171.42857], [287.14285,171.42857], [244.28572,128.57143]],
  [[244.28572,85.71429], [265.7143,42.857143], [278.57144,42.857143], [270.0,60.0], [244.28572,85.71429]]
]
