5
18
	25 25
	42.5 25
	60.3571 25
	51.4286 42.8571
	42.5 25
	30 0
	72.8571 0
	60.3571 25
	115.714 25
	137.5 25
	137.5 137.5
	115.714 115.714
	115.714 214.286
	330 214.286
	330 0
	115.714 0
	115.714 25
	115.714 115.714
3
	34.2857 85.7143
	64.2857 85.7143
	42.8571 107.143
11
	158.571 42.8571
	162.5 42.8571
	201.429 42.8571
	180 128.571
	162.5 58.5714
	162.5 212.5
	325 212.5
	325 25
	162.5 25
	162.5 42.8571
	162.5 58.5714
3
	244.286 85.7143
	265.714 42.8571
	287.143 42.8571
3
	244.286 128.571
	287.143 171.429
	244.286 171.429
