3
10
	0 0
	100 0
	116.667 50
	50 50
	90 130
	60 120
	85.7143 171.429
	0 200
	0 100
	60 120
33
	85.7143 171.429
	107.143 164.286
	128.571 157.143
	150 150
	140 180
	150 200
	160 180
	171.429 157.143
	180 140
	200 100
	166.667 100
	183.333 50
	200 0
	300 0
	240 120
	300 100
	300 200
	214.286 171.429
	240 120
	210 130
	250 50
	183.333 50
	116.667 50
	133.333 100
	100 100
	120 140
	90 130
	107.143 164.286
	130 210
	120 240
	150 300
	100 300
	120 240
23
	120 140
	150 150
	166.667 100
	133.333 100
	150 150
	180 140
	210 130
	192.857 164.286
	214.286 171.429
	180 240
	200 300
	150 300
	180 240
	170 210
	192.857 164.286
	171.429 157.143
	150 150
	160 180
	170 210
	150 250
	130 210
	140 180
	128.571 157.143
