5
23
	30 0
	72.8571 0
	51.4286 42.8571
	115.714 42.8571
	128.571 42.8571
	115.714 68.5714
	115.714 214.286
	330 214.286
	330 68.5714
	342.857 42.8571
	330 42.8571
	330 68.5714
	300 128.571
	267.143 62.8571
	287.143 42.8571
	330 42.8571
	330 0
	115.714 0
	115.714 42.8571
	115.714 68.5714
	85.7143 128.571
	42.8571 42.8571
	51.4286 42.8571
3
	34.2857 85.7143
	64.2857 85.7143
	42.8571 107.143
3
	158.571 42.8571
	201.429 42.8571
	180 128.571
6
	244.286 85.7143
	261.429 51.4286
	265.714 42.8571
	257.143 42.8571
	261.429 51.4286
	267.143 62.8571
3
	244.286 128.571
	287.143 171.429
	244.286 171.429
