4
3
	30 0
	72.8571 0
	51.4286 42.8571
26
	34.2857 85.7143
	37.5 85.7143
	64.2857 85.7143
	42.8571 107.143
	37.5 93.75
	37.5 262.5
	115.714 184.286
	150 150
	178.286 121.714
	182.857 117.143
	180 128.571
	178.286 121.714
	158.571 42.8571
	187.5 42.8571
	201.429 42.8571
	187.5 98.5714
	187.5 112.5
	182.857 117.143
	187.5 98.5714
	187.5 42.8571
	187.5 0
	115.714 0
	115.714 115.714
	37.5 37.5
	37.5 85.7143
	37.5 93.75
19
	115.714 115.714
	150 150
	187.5 187.5
	214.286 214.286
	187.5 214.286
	187.5 300
	225 300
	225 225
	262.5 262.5
	262.5 214.286
	330 214.286
	330 0
	225 0
	225 75
	187.5 112.5
	187.5 187.5
	187.5 214.286
	115.714 214.286
	115.714 184.286
21
	214.286 214.286
	225 214.286
	262.5 214.286
	262.5 171.429
	287.143 171.429
	262.5 146.786
	262.5 171.429
	244.286 171.429
	244.286 128.571
	262.5 146.786
	262.5 67.5
	287.143 42.8571
	265.714 42.8571
	262.5 49.2857
	262.5 67.5
	244.286 85.7143
	262.5 49.2857
	262.5 37.5
	225 75
	225 214.286
	225 225
