6
3
	30 0
	72.8571 0
	51.4286 42.8571
19
	34.2857 85.7143
	37.5 85.7143
	37.5 37.5
	115.714 115.714
	115.714 0
	187.5 0
	225 0
	330 0
	330 214.286
	262.5 214.286
	262.5 262.5
	225 225
	225 300
	187.5 300
	187.5 214.286
	115.714 214.286
	115.714 184.286
	37.5 262.5
	37.5 93.75
5
	178.286 121.714
	182.857 117.143
	187.5 98.5714
	187.5 42.8571
	158.571 42.8571
3
	225 225
	225 214.286
	214.286 214.286
4
	262.5 67.5
	287.143 42.8571
	265.714 42.8571
	262.5 49.2857
3
	262.5 171.429
	287.143 171.429
	262.5 146.786
1: 2 3 4 5
