5
41
	0 0
	30 0
	51.4286 42.8571
	72.8571 0
	115.714 0
	115.714 50
	50 50
	115.714 181.429
	132.143 214.286
	115.714 214.286
	115.714 181.429
	115.714 131.429
	150 200
	200 100
	187.143 100
	199.643 50
	201.429 42.8571
	158.571 42.8571
	160.357 50
	115.714 50
	115.714 100
	100 100
	115.714 131.429
	115.714 100
	172.857 100
	187.143 100
	180 128.571
	172.857 100
	160.357 50
	199.643 50
	250 50
	167.857 214.286
	192.857 214.286
	150 300
	50 100
	64.2857 85.7143
	42.8571 85.7143
	50 100
	42.8571 107.143
	34.2857 85.7143
	42.8571 85.7143
3
	150 250
	167.857 214.286
	132.143 214.286
6
	192.857 214.286
	270 60
	278.571 42.8571
	300 0
	330 0
	330 214.286
5
	244.286 85.7143
	265.714 42.8571
	278.571 42.8571
	287.143 42.8571
	270 60
3
	244.286 171.429
	287.143 171.429
	244.286 128.571
0: 1
2: 4
