4
3
	30 0
	72.8571 0
	51.4286 42.8571
3
	34.2857 85.7143
	37.5 85.7143
	37.5 93.75
30
	115.714 0
	187.5 0
	187.5 42.8571
	158.571 42.8571
	178.286 121.714
	150 150
	187.5 187.5
	214.286 214.286
	225 214.286
	225 75
	262.5 37.5
	262.5 49.2857
	265.714 42.8571
	287.143 42.8571
	262.5 67.5
	262.5 146.786
	287.143 171.429
	262.5 171.429
	262.5 214.286
	330 214.286
	330 0
	225 0
	225 75
	187.5 112.5
	187.5 187.5
	187.5 214.286
	115.714 214.286
	115.714 184.286
	150 150
	115.714 115.714
3
	182.857 117.143
	187.5 98.5714
	187.5 112.5
