6
3
	30 0
	72.8571 0
	51.4286 42.8571
3
	34.2857 85.7143
	64.2857 85.7143
	42.8571 107.143
24
	75 75
	115.714 105.536
	225 187.5
	189.286 214.286
	260.714 214.286
	330 214.286
	330 108.75
	375 75
	375 375
	225 262.5
	275 225
	260.714 214.286
	225 187.5
	246.429 171.429
	269.694 153.98
	330 108.75
	330 0
	115.714 0
	115.714 105.536
	115.714 214.286
	189.286 214.286
	175 225
	225 262.5
	75 375
3
	158.571 42.8571
	201.429 42.8571
	180 128.571
3
	244.286 85.7143
	265.714 42.8571
	287.143 42.8571
5
	244.286 128.571
	269.694 153.98
	287.143 171.429
	246.429 171.429
	244.286 171.429
