4
25
	0 0
	30 0
	51.4286 42.8571
	72.8571 0
	115.714 0
	115.714 214.286
	282.857 214.286
	330 214.286
	330 0
	300 0
	270 150
	271.071 155.357
	266.571 150.857
	270 150
	264.286 148.571
	266.571 150.857
	244.286 156.429
	244.286 171.429
	274.286 171.429
	287.143 171.429
	271.071 155.357
	274.286 171.429
	282.857 214.286
	300 300
	0 300
3
	42.8571 107.143
	64.2857 85.7143
	34.2857 85.7143
14
	150 120
	179.714 127.429
	180.252 127.563
	180 128.571
	179.714 127.429
	158.571 42.8571
	201.429 42.8571
	180.252 127.563
	244.286 143.571
	264.286 148.571
	244.286 128.571
	244.286 143.571
	244.286 156.429
	150 180
3
	244.286 85.7143
	265.714 42.8571
	287.143 42.8571
0: 1
