[
  [
    [30, 0],
    [72.85714285714286, 0],
    [51.42857142857143, 42.857142857142854],
    [30, 0]
  ],
  [
    [34.285714285714285, 85.71428571428571],
    [64.28571428571428, 85.71428571428571],
    [42.857142857142854, 107.14285714285714],
    [34.285714285714285, 85.71428571428571]
  ],
  [
    [115.71428571428571, 0],
    [330, 0],
    [330, 214.28571428571428],
    [115.71428571428571, 214.28571428571428],
    [115.71428571428571, 0]
  ],
  [
    [158.57142857142856, 42.857142857142854],
    [180, 128.57142857142856],
    [201.42857142857142, 42.857142857142854],
    [158.57142857142856, 42.857142857142854]
  ],
  [
    [244.28571428571428, 85.71428571428571],
    [287.1428571428571, 42.857142857142854],
    [265.7142857142857, 42.857142857142854],
    [244.28571428571428, 85.71428571428571]
  ],
  [
    [244.28571428571428, 171.42857142857142],
    [287.1428571428571, 171.42857142857142],
    [244.28571428571428, 128.57142857142856],
    [244.28571428571428, 171.42857142857142]
  ]
]
